{
    "2032649271896": [
        [
            0.9393727128473789,
            -0.34289780745545134,
            0.0,
            0.0,
            0.34289780745545134,
            0.9393727128473789,
            0.0,
            0.0,
            0.0,
            0.0,
            1.0,
            0.0,
            -0.046147353700281446,
            0.1577315944770336,
            0.0,
            1.0
        ],
        [
            0.9397783429750802,
            -0.3417845316497113,
            0.0,
            0.0,
            0.3417845316497113,
            0.9397783429750802,
            0.0,
            0.0,
            0.0,
            0.0,
            1.0,
            0.0,
            -0.045531234641901744,
            0.1568370527582085,
            0.0,
            1.0
        ],
        [
            0.9410528304869332,
            -0.33825961957131584,
            0.0,
            0.0,
            0.33825961957131584,
            0.9410528304869332,
            0.0,
            0.0,
            0.0,
            0.0,
            1.0,
            0.0,
            -0.043666409207937774,
            0.1553301153767117,
            0.0,
            1.0
        ],
        [
            0.9431913793505049,
            -0.3322499389298544,
            0.0,
            0.0,
            0.3322499389298544,
            0.9431913793505049,
            0.0,
            0.0,
            0.0,
            0.0,
            1.0,
            0.0,
            -0.041431376457889246,
            0.15392312510038736,
            0.0,
            1.0
        ],
        [
            0.9461493627859463,
            -0.32373041763131816,
            0.0,
            0.0,
            0.32373041763131816,
            0.9461493627859463,
            0.0,
            0.0,
            0.0,
            0.0,
            1.0,
            0.0,
            -0.038706900583511644,
            0.15260966175510218,
            0.0,
            1.0
        ],
        [
            0.9498514427606893,
            -0.3127015137242492,
            0.0,
            0.0,
            0.3127015137242492,
            0.9498514427606893,
            0.0,
            0.0,
            0.0,
            0.0,
            1.0,
            0.0,
            -0.03530528248983785,
            0.15114880974140021,
            0.0,
            1.0
        ],
        [
            0.9541967534926924,
            -0.2991798048398421,
            0.0,
            0.0,
            0.2991798048398421,
            0.9541967534926924,
            0.0,
            0.0,
            0.0,
            0.0,
            1.0,
            0.0,
            -0.030960789560870634,
            0.1491437719135229,
            0.0,
            1.0
        ],
        [
            0.958949994748968,
            -0.28357522383126876,
            0.0,
            0.0,
            0.28357522383126876,
            0.958949994748968,
            0.0,
            0.0,
            0.0,
            0.0,
            1.0,
            0.0,
            -0.025412392786464583,
            0.14599791329540845,
            0.0,
            1.0
        ],
        [
            0.9594313261555416,
            -0.2819424238943454,
            0.0,
            0.0,
            0.2819424238943454,
            0.9594313261555416,
            0.0,
            0.0,
            0.0,
            0.0,
            1.0,
            0.0,
            -0.02103000015916429,
            0.14409698314168848,
            0.0,
            1.0
        ],
        [
            0.9472117723073216,
            -0.3206085750606537,
            0.0,
            0.0,
            0.3206085750606537,
            0.9472117723073216,
            0.0,
            0.0,
            0.0,
            0.0,
            1.0,
            0.0,
            -0.020561466820746464,
            0.14401457023156428,
            0.0,
            1.0
        ],
        [
            0.9270124520648679,
            -0.3750305503778072,
            0.0,
            0.0,
            0.3750305503778072,
            0.9270124520648679,
            0.0,
            0.0,
            0.0,
            0.0,
            1.0,
            0.0,
            -0.01972690629324301,
            0.14527771117271848,
            0.0,
            1.0
        ],
        [
            0.9003126583151607,
            -0.4352437446735893,
            0.0,
            0.0,
            0.4352437446735893,
            0.9003126583151607,
            0.0,
            0.0,
            0.0,
            0.0,
            1.0,
            0.0,
            -0.018460314485333806,
            0.14642096484340456,
            0.0,
            1.0
        ],
        [
            0.8693949195520767,
            -0.4941178744561241,
            0.0,
            0.0,
            0.4941178744561241,
            0.8693949195520767,
            0.0,
            0.0,
            0.0,
            0.0,
            1.0,
            0.0,
            -0.016104167000989163,
            0.15023548382057048,
            0.0,
            1.0
        ],
        [
            0.8395874821675792,
            -0.5432245021973005,
            0.0,
            0.0,
            0.5432245021973005,
            0.8395874821675792,
            0.0,
            0.0,
            0.0,
            0.0,
            1.0,
            0.0,
            -0.013717302526650547,
            0.15365564087554034,
            0.0,
            1.0
        ],
        [
            0.8128080947713591,
            -0.5825315451322386,
            0.0,
            0.0,
            0.5825315451322386,
            0.8128080947713591,
            0.0,
            0.0,
            0.0,
            0.0,
            1.0,
            0.0,
            -0.01154566733878862,
            0.1564431910467018,
            0.0,
            1.0
        ],
        [
            0.789521855251174,
            -0.6137224454757576,
            0.0,
            0.0,
            0.6137224454757576,
            0.789521855251174,
            0.0,
            0.0,
            0.0,
            0.0,
            1.0,
            0.0,
            -0.00965111070308996,
            0.15861424523031414,
            0.0,
            1.0
        ],
        [
            0.7699036706571551,
            -0.6381601193341988,
            0.0,
            0.0,
            0.6381601193341988,
            0.7699036706571551,
            0.0,
            0.0,
            0.0,
            0.0,
            1.0,
            0.0,
            -0.008057054139266662,
            0.1602257204505232,
            0.0,
            1.0
        ],
        [
            0.7539967603006978,
            -0.656878135924809,
            0.0,
            0.0,
            0.656878135924809,
            0.7539967603006978,
            0.0,
            0.0,
            0.0,
            0.0,
            1.0,
            0.0,
            -0.006766054620365825,
            0.16137289150884485,
            0.0,
            1.0
        ],
        [
            0.7417919111123014,
            -0.6706301220556378,
            0.0,
            0.0,
            0.6706301220556378,
            0.7417919111123014,
            0.0,
            0.0,
            0.0,
            0.0,
            1.0,
            0.0,
            -0.005757012898547697,
            0.16217016210105495,
            0.0,
            1.0
        ],
        [
            0.7332936726843844,
            -0.679912045489008,
            0.0,
            0.0,
            0.679912045489008,
            0.7332936726843844,
            0.0,
            0.0,
            0.0,
            0.0,
            1.0,
            0.0,
            -0.004994895505887716,
            0.1627109811624092,
            0.0,
            1.0
        ],
        [
            0.7305928803289629,
            -0.6828133296975314,
            0.0,
            0.0,
            0.6828133296975314,
            0.7305928803289629,
            0.0,
            0.0,
            0.0,
            0.0,
            1.0,
            0.0,
            -0.004593603589588047,
            0.1628623925639586,
            0.0,
            1.0
        ],
        [
            0.7367566946064867,
            -0.6761579497074068,
            0.0,
            0.0,
            0.6761579497074068,
            0.7367566946064867,
            0.0,
            0.0,
            0.0,
            0.0,
            1.0,
            0.0,
            -0.004811009232281935,
            0.16236366706386196,
            0.0,
            1.0
        ],
        [
            0.7485429520489939,
            -0.663086305798708,
            0.0,
            0.0,
            0.663086305798708,
            0.7485429520489939,
            0.0,
            0.0,
            0.0,
            0.0,
            1.0,
            0.0,
            -0.005441473722410842,
            0.16140490006108302,
            0.0,
            1.0
        ],
        [
            0.7646356426464666,
            -0.644462825921422,
            0.0,
            0.0,
            0.644462825921422,
            0.7646356426464666,
            0.0,
            0.0,
            0.0,
            0.0,
            1.0,
            0.0,
            -0.006390502821557804,
            0.16002106905039615,
            0.0,
            1.0
        ],
        [
            0.7847801112818733,
            -0.6197742951562372,
            0.0,
            0.0,
            0.6197742951562372,
            0.7847801112818733,
            0.0,
            0.0,
            0.0,
            0.0,
            1.0,
            0.0,
            -0.007636067240294387,
            0.15818885748073006,
            0.0,
            1.0
        ],
        [
            0.808783222510775,
            -0.5881068771788732,
            0.0,
            0.0,
            0.5881068771788732,
            0.808783222510775,
            0.0,
            0.0,
            0.0,
            0.0,
            1.0,
            0.0,
            -0.009153242478667596,
            0.1558720983730823,
            0.0,
            1.0
        ],
        [
            0.8362204323625178,
            -0.5483934613937732,
            0.0,
            0.0,
            0.5483934613937732,
            0.8362204323625178,
            0.0,
            0.0,
            0.0,
            0.0,
            1.0,
            0.0,
            -0.010800662880095277,
            0.15310434500382034,
            0.0,
            1.0
        ],
        [
            0.8639240040023171,
            -0.5036221950119003,
            0.0,
            0.0,
            0.5036221950119003,
            0.8639240040023171,
            0.0,
            0.0,
            0.0,
            0.0,
            1.0,
            0.0,
            -0.011385214705627988,
            0.15066597910909468,
            0.0,
            1.0
        ],
        [
            0.8903853011073006,
            -0.45520766203136526,
            0.0,
            0.0,
            0.45520766203136526,
            0.8903853011073006,
            0.0,
            0.0,
            0.0,
            0.0,
            1.0,
            0.0,
            -0.010517981415588844,
            0.14783836566739594,
            0.0,
            1.0
        ],
        [
            0.9151665749069292,
            -0.40307584915635897,
            0.0,
            0.0,
            0.40307584915635897,
            0.9151665749069292,
            0.0,
            0.0,
            0.0,
            0.0,
            1.0,
            0.0,
            -0.00814626831561936,
            0.14434505145308998,
            0.0,
            1.0
        ],
        [
            0.9377747762517643,
            -0.34724410581887977,
            0.0,
            0.0,
            0.34724410581887977,
            0.9377747762517643,
            0.0,
            0.0,
            0.0,
            0.0,
            1.0,
            0.0,
            -0.004113132781317818,
            0.1398056691288174,
            0.0,
            1.0
        ],
        [
            0.9572177584451605,
            -0.28936855896455344,
            0.0,
            0.0,
            0.28936855896455344,
            0.9572177584451605,
            0.0,
            0.0,
            0.0,
            0.0,
            1.0,
            0.0,
            0.0014680474420032934,
            0.13386629778409223,
            0.0,
            1.0
        ],
        [
            0.9625799629589702,
            -0.2709978134780936,
            0.0,
            0.0,
            0.2709978134780936,
            0.9625799629589702,
            0.0,
            0.0,
            0.0,
            0.0,
            1.0,
            0.0,
            0.0025572681765330587,
            0.13343278426933372,
            0.0,
            1.0
        ],
        [
            0.9586230909369345,
            -0.28467836152844084,
            0.0,
            0.0,
            0.28467836152844084,
            0.9586230909369345,
            0.0,
            0.0,
            0.0,
            0.0,
            1.0,
            0.0,
            0.0030215431505126065,
            0.13340651411612903,
            0.0,
            1.0
        ],
        [
            0.9470004844309622,
            -0.3212321317793769,
            0.0,
            0.0,
            0.3212321317793769,
            0.9470004844309622,
            0.0,
            0.0,
            0.0,
            0.0,
            1.0,
            0.0,
            0.0035354472502615412,
            0.13405778796636317,
            0.0,
            1.0
        ],
        [
            0.9311329314780268,
            -0.3646799472374869,
            0.0,
            0.0,
            0.3646799472374869,
            0.9311329314780268,
            0.0,
            0.0,
            0.0,
            0.0,
            1.0,
            0.0,
            0.004676353405163649,
            0.1348179836901606,
            0.0,
            1.0
        ],
        [
            0.909759990987405,
            -0.41513462731817113,
            0.0,
            0.0,
            0.41513462731817113,
            0.909759990987405,
            0.0,
            0.0,
            0.0,
            0.0,
            1.0,
            0.0,
            0.006130927541657149,
            0.1353587492721587,
            0.0,
            1.0
        ],
        [
            0.882269712447478,
            -0.4707442559371749,
            0.0,
            0.0,
            0.4707442559371749,
            0.882269712447478,
            0.0,
            0.0,
            0.0,
            0.0,
            1.0,
            0.0,
            0.007952704603607051,
            0.138285979736347,
            0.0,
            1.0
        ],
        [
            0.855251379773591,
            -0.5182133512322592,
            0.0,
            0.0,
            0.5182133512322592,
            0.855251379773591,
            0.0,
            0.0,
            0.0,
            0.0,
            1.0,
            0.0,
            0.01000719952460672,
            0.14141971919005414,
            0.0,
            1.0
        ],
        [
            0.8316925428181959,
            -0.5552364489301862,
            0.0,
            0.0,
            0.5552364489301862,
            0.8316925428181959,
            0.0,
            0.0,
            0.0,
            0.0,
            1.0,
            0.0,
            0.011848978374841423,
            0.14392479039842587,
            0.0,
            1.0
        ],
        [
            0.8122379471276407,
            -0.5833262528344458,
            0.0,
            0.0,
            0.5833262528344458,
            0.8122379471276407,
            0.0,
            0.0,
            0.0,
            0.0,
            1.0,
            0.0,
            0.013430737755006087,
            0.14588138665589648,
            0.0,
            1.0
        ],
        [
            0.7971235739647009,
            -0.6038162036826621,
            0.0,
            0.0,
            0.6038162036826621,
            0.7971235739647009,
            0.0,
            0.0,
            0.0,
            0.0,
            1.0,
            0.0,
            0.014709700437904346,
            0.1473061078705825,
            0.0,
            1.0
        ],
        [
            0.7864494354694702,
            -0.6176546652052032,
            0.0,
            0.0,
            0.6176546652052032,
            0.7864494354694702,
            0.0,
            0.0,
            0.0,
            0.0,
            1.0,
            0.0,
            0.015658869351379306,
            0.14821542525371187,
            0.0,
            1.0
        ],
        [
            0.7802597772920644,
            -0.6254555779111239,
            0.0,
            0.0,
            0.6254555779111239,
            0.7802597772920644,
            0.0,
            0.0,
            0.0,
            0.0,
            1.0,
            0.0,
            0.01626975457139502,
            0.14865152494667272,
            0.0,
            1.0
        ],
        [
            0.7785894113673308,
            -0.6275336871488839,
            0.0,
            0.0,
            0.6275336871488839,
            0.7785894113673308,
            0.0,
            0.0,
            0.0,
            0.0,
            1.0,
            0.0,
            0.016548793340235072,
            0.14867025459548913,
            0.0,
            1.0
        ],
        [
            0.781869963561955,
            -0.6234415450382074,
            0.0,
            0.0,
            0.6234415450382074,
            0.781869963561955,
            0.0,
            0.0,
            0.0,
            0.0,
            1.0,
            0.0,
            0.016492201080142023,
            0.14828087492618944,
            0.0,
            1.0
        ],
        [
            0.7934936640478307,
            -0.6085785118749661,
            0.0,
            0.0,
            0.6085785118749661,
            0.7934936640478307,
            0.0,
            0.0,
            0.0,
            0.0,
            1.0,
            0.0,
            0.015879497108254426,
            0.1471618076840466,
            0.0,
            1.0
        ],
        [
            0.8127744494579269,
            -0.5825784876807278,
            0.0,
            0.0,
            0.5825784876807278,
            0.8127744494579269,
            0.0,
            0.0,
            0.0,
            0.0,
            1.0,
            0.0,
            0.014724040512134457,
            0.14529160171435318,
            0.0,
            1.0
        ],
        [
            0.8368787212806148,
            -0.5473883501388416,
            0.0,
            0.0,
            0.5473883501388416,
            0.8368787212806148,
            0.0,
            0.0,
            0.0,
            0.0,
            1.0,
            0.0,
            0.013234067685775251,
            0.14278420762349384,
            0.0,
            1.0
        ],
        [
            0.8629794689192578,
            -0.5052389892158321,
            0.0,
            0.0,
            0.5052389892158321,
            0.8629794689192578,
            0.0,
            0.0,
            0.0,
            0.0,
            1.0,
            0.0,
            0.012440705643694754,
            0.14018355096739699,
            0.0,
            1.0
        ],
        [
            0.8882407077180823,
            -0.45937832464373013,
            0.0,
            0.0,
            0.45937832464373013,
            0.8882407077180823,
            0.0,
            0.0,
            0.0,
            0.0,
            1.0,
            0.0,
            0.012846174596283339,
            0.1376266507623125,
            0.0,
            1.0
        ],
        [
            0.9121272640724716,
            -0.40990712867144385,
            0.0,
            0.0,
            0.40990712867144385,
            0.9121272640724716,
            0.0,
            0.0,
            0.0,
            0.0,
            1.0,
            0.0,
            0.014349441995101792,
            0.13475087600230254,
            0.0,
            1.0
        ],
        [
            0.9341814363801803,
            -0.35679832387871896,
            0.0,
            0.0,
            0.35679832387871896,
            0.9341814363801803,
            0.0,
            0.0,
            0.0,
            0.0,
            1.0,
            0.0,
            0.017086359567920553,
            0.13140190005718852,
            0.0,
            1.0
        ],
        [
            0.9539104422114091,
            -0.3000914331333601,
            0.0,
            0.0,
            0.3000914331333601,
            0.9539104422114091,
            0.0,
            0.0,
            0.0,
            0.0,
            1.0,
            0.0,
            0.021276527041499183,
            0.12721147270845068,
            0.0,
            1.0
        ],
        [
            0.9686630709141413,
            -0.2483784512536974,
            0.0,
            0.0,
            0.2483784512536974,
            0.9686630709141413,
            0.0,
            0.0,
            0.0,
            0.0,
            1.0,
            0.0,
            0.025943781519354954,
            0.12400136373035935,
            0.0,
            1.0
        ],
        [
            0.9727669695003075,
            -0.23178529515305274,
            0.0,
            0.0,
            0.23178529515305274,
            0.9727669695003075,
            0.0,
            0.0,
            0.0,
            0.0,
            1.0,
            0.0,
            0.026597315244153374,
            0.12369630162965924,
            0.0,
            1.0
        ],
        [
            0.9687209986571075,
            -0.2481524264656227,
            0.0,
            0.0,
            0.2481524264656227,
            0.9687209986571075,
            0.0,
            0.0,
            0.0,
            0.0,
            1.0,
            0.0,
            0.026740686260173473,
            0.12355548506967676,
            0.0,
            1.0
        ],
        [
            0.9567906481844363,
            -0.2907776737419953,
            0.0,
            0.0,
            0.2907776737419953,
            0.9567906481844363,
            0.0,
            0.0,
            0.0,
            0.0,
            1.0,
            0.0,
            0.026880991372738854,
            0.12347305563827453,
            0.0,
            1.0
        ],
        [
            0.9388447539113541,
            -0.3443407150674007,
            0.0,
            0.0,
            0.3443407150674007,
            0.9388447539113541,
            0.0,
            0.0,
            0.0,
            0.0,
            1.0,
            0.0,
            0.027674404994277896,
            0.12484630550709291,
            0.0,
            1.0
        ],
        [
            0.9173368509086047,
            -0.3981119214053812,
            0.0,
            0.0,
            0.3981119214053812,
            0.9173368509086047,
            0.0,
            0.0,
            0.0,
            0.0,
            1.0,
            0.0,
            0.029988384046144435,
            0.12499628747327259,
            0.0,
            1.0
        ],
        [
            0.8883319578865935,
            -0.45920184298124445,
            0.0,
            0.0,
            0.45920184298124445,
            0.8883319578865935,
            0.0,
            0.0,
            0.0,
            0.0,
            1.0,
            0.0,
            0.032359147728753174,
            0.12718867790671748,
            0.0,
            1.0
        ],
        [
            0.8562078433361112,
            -0.5166315215022457,
            0.0,
            0.0,
            0.5166315215022457,
            0.8562078433361112,
            0.0,
            0.0,
            0.0,
            0.0,
            1.0,
            0.0,
            0.03498560707479543,
            0.13111551732916213,
            0.0,
            1.0
        ],
        [
            0.8259962505396784,
            -0.5636756106967844,
            0.0,
            0.0,
            0.5636756106967844,
            0.8259962505396784,
            0.0,
            0.0,
            0.0,
            0.0,
            1.0,
            0.0,
            0.03741899996488488,
            0.13421908579362374,
            0.0,
            1.0
        ],
        [
            0.7987578832125634,
            -0.6016525941153956,
            0.0,
            0.0,
            0.6016525941153956,
            0.7987578832125634,
            0.0,
            0.0,
            0.0,
            0.0,
            1.0,
            0.0,
            0.03955688124838774,
            0.1366297067968543,
            0.0,
            1.0
        ],
        [
            0.7748691383559243,
            -0.6321216800771411,
            0.0,
            0.0,
            0.6321216800771411,
            0.7748691383559243,
            0.0,
            0.0,
            0.0,
            0.0,
            1.0,
            0.0,
            0.041398107176511253,
            0.13853021857467127,
            0.0,
            1.0
        ],
        [
            0.754526521122068,
            -0.6562695550788789,
            0.0,
            0.0,
            0.6562695550788789,
            0.754526521122068,
            0.0,
            0.0,
            0.0,
            0.0,
            1.0,
            0.0,
            0.04299959994382334,
            0.1400820387494312,
            0.0,
            1.0
        ],
        [
            0.7377221182259274,
            -0.6751044928603651,
            0.0,
            0.0,
            0.6751044928603651,
            0.7377221182259274,
            0.0,
            0.0,
            0.0,
            0.0,
            1.0,
            0.0,
            0.044387980703793975,
            0.14136875187572698,
            0.0,
            1.0
        ],
        [
            0.7243064203175252,
            -0.6894782153823371,
            0.0,
            0.0,
            0.6894782153823371,
            0.7243064203175252,
            0.0,
            0.0,
            0.0,
            0.0,
            1.0,
            0.0,
            0.04555287594754738,
            0.14238093361228157,
            0.0,
            1.0
        ],
        [
            0.7152173385572836,
            -0.6989021094738774,
            0.0,
            0.0,
            0.6989021094738774,
            0.7152173385572836,
            0.0,
            0.0,
            0.0,
            0.0,
            1.0,
            0.0,
            0.04641678784663611,
            0.14301116912038392,
            0.0,
            1.0
        ],
        [
            0.7148219172215473,
            -0.6993065326877129,
            0.0,
            0.0,
            0.6993065326877129,
            0.7148219172215473,
            0.0,
            0.0,
            0.0,
            0.0,
            1.0,
            0.0,
            0.04665681192275355,
            0.14293975027768369,
            0.0,
            1.0
        ],
        [
            0.7205705915083067,
            -0.6933815851703656,
            0.0,
            0.0,
            0.6933815851703656,
            0.7205705915083067,
            0.0,
            0.0,
            0.0,
            0.0,
            1.0,
            0.0,
            0.0464215702082003,
            0.14239818176539604,
            0.0,
            1.0
        ],
        [
            0.7304899917484516,
            -0.6829234012357074,
            0.0,
            0.0,
            0.6829234012357074,
            0.7304899917484516,
            0.0,
            0.0,
            0.0,
            0.0,
            1.0,
            0.0,
            0.04588211778267703,
            0.14154372932210382,
            0.0,
            1.0
        ],
        [
            0.7443625940703544,
            -0.6677756573497216,
            0.0,
            0.0,
            0.6677756573497216,
            0.7443625940703544,
            0.0,
            0.0,
            0.0,
            0.0,
            1.0,
            0.0,
            0.04507589800742527,
            0.14039778697051625,
            0.0,
            1.0
        ],
        [
            0.7621494796177192,
            -0.6474010895252185,
            0.0,
            0.0,
            0.6474010895252185,
            0.7621494796177192,
            0.0,
            0.0,
            0.0,
            0.0,
            1.0,
            0.0,
            0.04401078253459975,
            0.1389223905779628,
            0.0,
            1.0
        ],
        [
            0.7837539089450457,
            -0.621071501691521,
            0.0,
            0.0,
            0.621071501691521,
            0.7837539089450457,
            0.0,
            0.0,
            0.0,
            0.0,
            1.0,
            0.0,
            0.042684961719924405,
            0.13703891347410135,
            0.0,
            1.0
        ],
        [
            0.8090029204343461,
            -0.5878046229221909,
            0.0,
            0.0,
            0.5878046229221909,
            0.8090029204343461,
            0.0,
            0.0,
            0.0,
            0.0,
            1.0,
            0.0,
            0.041100545239112836,
            0.13465269461995308,
            0.0,
            1.0
        ],
        [
            0.8374373207995811,
            -0.5465333784244284,
            0.0,
            0.0,
            0.5465333784244284,
            0.8374373207995811,
            0.0,
            0.0,
            0.0,
            0.0,
            1.0,
            0.0,
            0.03940763707571948,
            0.13179414514509188,
            0.0,
            1.0
        ],
        [
            0.8659810108327612,
            -0.5000768829660787,
            0.0,
            0.0,
            0.5000768829660787,
            0.8659810108327612,
            0.0,
            0.0,
            0.0,
            0.0,
            1.0,
            0.0,
            0.03878567643880257,
            0.12927755076144848,
            0.0,
            1.0
        ],
        [
            0.8930960652640952,
            -0.449866000282074,
            0.0,
            0.0,
            0.449866000282074,
            0.8930960652640952,
            0.0,
            0.0,
            0.0,
            0.0,
            1.0,
            0.0,
            0.03967274036124092,
            0.12632820180145604,
            0.0,
            1.0
        ],
        [
            0.9183172277101739,
            -0.39584525927526365,
            0.0,
            0.0,
            0.39584525927526365,
            0.9183172277101739,
            0.0,
            0.0,
            0.0,
            0.0,
            1.0,
            0.0,
            0.0421279153587218,
            0.12270797995922464,
            0.0,
            1.0
        ],
        [
            0.9411260352150872,
            -0.33805589159239685,
            0.0,
            0.0,
            0.33805589159239685,
            0.9411260352150872,
            0.0,
            0.0,
            0.0,
            0.0,
            1.0,
            0.0,
            0.0462957968167694,
            0.11799500881022609,
            0.0,
            1.0
        ],
        [
            0.959591958571517,
            -0.2813952256966701,
            0.0,
            0.0,
            0.2813952256966701,
            0.959591958571517,
            0.0,
            0.0,
            0.0,
            0.0,
            1.0,
            0.0,
            0.0516065181912452,
            0.1128746406622437,
            0.0,
            1.0
        ],
        [
            0.9638301832522599,
            -0.2665171248755231,
            0.0,
            0.0,
            0.2665171248755231,
            0.9638301832522599,
            0.0,
            0.0,
            0.0,
            0.0,
            1.0,
            0.0,
            0.0523870597595274,
            0.11266706277051192,
            0.0,
            1.0
        ],
        [
            0.9595086147995613,
            -0.281679282385885,
            0.0,
            0.0,
            0.281679282385885,
            0.9595086147995613,
            0.0,
            0.0,
            0.0,
            0.0,
            1.0,
            0.0,
            0.052806149068251124,
            0.11264971883318797,
            0.0,
            1.0
        ],
        [
            0.9476405483429674,
            -0.3193389909426032,
            0.0,
            0.0,
            0.3193389909426032,
            0.9476405483429674,
            0.0,
            0.0,
            0.0,
            0.0,
            1.0,
            0.0,
            0.053199581840278454,
            0.11309503788981035,
            0.0,
            1.0
        ],
        [
            0.9313457827604863,
            -0.3641360088404566,
            0.0,
            0.0,
            0.3641360088404566,
            0.9313457827604863,
            0.0,
            0.0,
            0.0,
            0.0,
            1.0,
            0.0,
            0.05428381127937161,
            0.11379457077116478,
            0.0,
            1.0
        ],
        [
            0.9096295539082159,
            -0.41542035898200774,
            0.0,
            0.0,
            0.41542035898200774,
            0.9096295539082159,
            0.0,
            0.0,
            0.0,
            0.0,
            1.0,
            0.0,
            0.05576898110060639,
            0.11424676967087262,
            0.0,
            1.0
        ],
        [
            0.8813385868324399,
            -0.4724852329546372,
            0.0,
            0.0,
            0.4724852329546372,
            0.8813385868324399,
            0.0,
            0.0,
            0.0,
            0.0,
            1.0,
            0.0,
            0.05767604481884322,
            0.11739747730532493,
            0.0,
            1.0
        ],
        [
            0.8534087666843948,
            -0.5212422440154099,
            0.0,
            0.0,
            0.5212422440154099,
            0.8534087666843948,
            0.0,
            0.0,
            0.0,
            0.0,
            1.0,
            0.0,
            0.05979776430582944,
            0.1207062390449253,
            0.0,
            1.0
        ],
        [
            0.8287448251963768,
            -0.5596266744091339,
            0.0,
            0.0,
            0.5596266744091339,
            0.8287448251963768,
            0.0,
            0.0,
            0.0,
            0.0,
            1.0,
            0.0,
            0.06170427929401891,
            0.12332185987725824,
            0.0,
            1.0
        ],
        [
            0.8079931634690816,
            -0.5891918599125637,
            0.0,
            0.0,
            0.5891918599125637,
            0.8079931634690816,
            0.0,
            0.0,
            0.0,
            0.0,
            1.0,
            0.0,
            0.06334554371932381,
            0.12534015671526968,
            0.0,
            1.0
        ],
        [
            0.7914213784904585,
            -0.6112709723749874,
            0.0,
            0.0,
            0.6112709723749874,
            0.7914213784904585,
            0.0,
            0.0,
            0.0,
            0.0,
            1.0,
            0.0,
            0.06469368086553774,
            0.12682959809405478,
            0.0,
            1.0
        ],
        [
            0.7791431505606157,
            -0.6268460344729619,
            0.0,
            0.0,
            0.6268460344729619,
            0.7791431505606157,
            0.0,
            0.0,
            0.0,
            0.0,
            1.0,
            0.0,
            0.06573411613041652,
            0.1278454558821471,
            0.0,
            1.0
        ],
        [
            0.7711949848520403,
            -0.6365990067059963,
            0.0,
            0.0,
            0.6365990067059963,
            0.7711949848520403,
            0.0,
            0.0,
            0.0,
            0.0,
            1.0,
            0.0,
            0.06646390295001442,
            0.12843929125296524,
            0.0,
            1.0
        ],
        [
            0.7675882114706877,
            -0.6409433185635302,
            0.0,
            0.0,
            0.6409433185635302,
            0.7675882114706877,
            0.0,
            0.0,
            0.0,
            0.0,
            1.0,
            0.0,
            0.06688690578075432,
            0.12865364874595134,
            0.0,
            1.0
        ],
        [
            0.7690270884526933,
            -0.6392161897401953,
            0.0,
            0.0,
            0.6392161897401953,
            0.7690270884526933,
            0.0,
            0.0,
            0.0,
            0.0,
            1.0,
            0.0,
            0.06697069522907313,
            0.1284537826794001,
            0.0,
            1.0
        ],
        [
            0.7792490759724778,
            -0.6267143508776861,
            0.0,
            0.0,
            0.6267143508776861,
            0.7792490759724778,
            0.0,
            0.0,
            0.0,
            0.0,
            1.0,
            0.0,
            0.06645256712231377,
            0.12749804848375626,
            0.0,
            1.0
        ],
        [
            0.7966608263539474,
            -0.6044266107254426,
            0.0,
            0.0,
            0.6044266107254426,
            0.7966608263539474,
            0.0,
            0.0,
            0.0,
            0.0,
            1.0,
            0.0,
            0.06541705698324966,
            0.1258707540262553,
            0.0,
            1.0
        ],
        [
            0.818841588386347,
            -0.5740195581414663,
            0.0,
            0.0,
            0.5740195581414663,
            0.818841588386347,
            0.0,
            0.0,
            0.0,
            0.0,
            1.0,
            0.0,
            0.06404384534816866,
            0.12367434687251101,
            0.0,
            1.0
        ],
        [
            0.8446858265252367,
            -0.535262416453255,
            0.0,
            0.0,
            0.535262416453255,
            0.8446858265252367,
            0.0,
            0.0,
            0.0,
            0.0,
            1.0,
            0.0,
            0.0626189689691715,
            0.12101665260979921,
            0.0,
            1.0
        ],
        [
            0.8706821260453628,
            -0.49184615011721605,
            0.0,
            0.0,
            0.49184615011721605,
            0.8706821260453628,
            0.0,
            0.0,
            0.0,
            0.0,
            1.0,
            0.0,
            0.06235982336696938,
            0.11857263688728019,
            0.0,
            1.0
        ],
        [
            0.8955939348444332,
            -0.44487245798078495,
            0.0,
            0.0,
            0.44487245798078495,
            0.8955939348444332,
            0.0,
            0.0,
            0.0,
            0.0,
            1.0,
            0.0,
            0.06329542192258053,
            0.1158412193196435,
            0.0,
            1.0
        ],
        [
            0.9189877760622926,
            -0.39428602238486915,
            0.0,
            0.0,
            0.39428602238486915,
            0.9189877760622926,
            0.0,
            0.0,
            0.0,
            0.0,
            1.0,
            0.0,
            0.0654983163737468,
            0.11264560565222771,
            0.0,
            1.0
        ],
        [
            0.9403968532752817,
            -0.3400790472080696,
            0.0,
            0.0,
            0.3400790472080696,
            0.9403968532752817,
            0.0,
            0.0,
            0.0,
            0.0,
