{
    "2736436294824": [
        [
            0.9393727128473789,
            -0.34289780745545134,
            0.0,
            0.0,
            0.34289780745545134,
            0.9393727128473789,
            0.0,
            0.0,
            0.0,
            0.0,
            1.0,
            0.0,
            -0.048495785482399884,
            0.15858883899567222,
            0.0,
            1.0
        ],
        [
            0.9395334726046943,
            -0.3424570832314088,
            0.0,
            0.0,
            0.3424570832314088,
            0.9395334726046943,
            0.0,
            0.0,
            0.0,
            0.0,
            1.0,
            0.0,
            -0.047809254555966796,
            0.1579064968412278,
            0.0,
            1.0
        ],
        [
            0.9400344098360567,
            -0.34107962167824785,
            0.0,
            0.0,
            0.34107962167824785,
            0.9400344098360567,
            0.0,
            0.0,
            0.0,
            0.0,
            1.0,
            0.0,
            -0.046049708595924624,
            0.1568866926135299,
            0.0,
            1.0
        ],
        [
            0.9408745964034156,
            -0.33875506467462546,
            0.0,
            0.0,
            0.33875506467462546,
            0.9408745964034156,
            0.0,
            0.0,
            0.0,
            0.0,
            1.0,
            0.0,
            -0.044197394196039394,
            0.15601890034923002,
            0.0,
            1.0
        ],
        [
            0.9420449275045075,
            -0.33548674275301427,
            0.0,
            0.0,
            0.33548674275301427,
            0.9420449275045075,
            0.0,
            0.0,
            0.0,
            0.0,
            1.0,
            0.0,
            -0.04220851384663561,
            0.1551814549415526,
            0.0,
            1.0
        ],
        [
            0.9435323979541219,
            -0.3312802650490132,
            0.0,
            0.0,
            0.3312802650490132,
            0.9435323979541219,
            0.0,
            0.0,
            0.0,
            0.0,
            1.0,
            0.0,
            -0.04002279591475523,
            0.15419027211477584,
            0.0,
            1.0
        ],
        [
            0.9453219817345881,
            -0.32613854548242377,
            0.0,
            0.0,
            0.32613854548242377,
            0.9453219817345881,
            0.0,
            0.0,
            0.0,
            0.0,
            1.0,
            0.0,
            -0.03757654346325637,
            0.15288634134086146,
            0.0,
            1.0
        ],
        [
            0.9474015123723045,
            -0.32004745641024873,
            0.0,
            0.0,
            0.32004745641024873,
            0.9474015123723045,
            0.0,
            0.0,
            0.0,
            0.0,
            1.0,
            0.0,
            -0.03486316753565625,
            0.15140204398003215,
            0.0,
            1.0
        ],
        [
            0.9497590925564828,
            -0.3129818942148032,
            0.0,
            0.0,
            0.3129818942148032,
            0.9497590925564828,
            0.0,
            0.0,
            0.0,
            0.0,
            1.0,
            0.0,
            -0.03149686947109136,
            0.1499218750401639,
            0.0,
            1.0
        ],
        [
            0.952360039130448,
            -0.3049759922804607,
            0.0,
            0.0,
            0.3049759922804607,
            0.952360039130448,
            0.0,
            0.0,
            0.0,
            0.0,
            1.0,
            0.0,
            -0.027357276480562107,
            0.14776826458587727,
            0.0,
            1.0
        ],
        [
            0.9544269990447976,
            -0.2984444730504187,
            0.0,
            0.0,
            0.2984444730504187,
            0.9544269990447976,
            0.0,
            0.0,
            0.0,
            0.0,
            1.0,
            0.0,
            -0.022846364289830272,
            0.1447706569427367,
            0.0,
            1.0
        ],
        [
            0.9493083481815453,
            -0.31434640139951664,
            0.0,
            0.0,
            0.31434640139951664,
            0.9493083481815453,
            0.0,
            0.0,
            0.0,
            0.0,
            1.0,
            0.0,
            -0.02189246423282304,
            0.14413629043588413,
            0.0,
            1.0
        ],
        [
            0.938095794123323,
            -0.34637592446377113,
            0.0,
            0.0,
            0.34637592446377113,
            0.938095794123323,
            0.0,
            0.0,
            0.0,
            0.0,
            1.0,
            0.0,
            -0.021628121768616823,
            0.1452227041258864,
            0.0,
            1.0
        ],
        [
            0.9242579915517376,
            -0.3817684704801433,
            0.0,
            0.0,
            0.3817684704801433,
            0.9242579915517376,
            0.0,
            0.0,
            0.0,
            0.0,
            1.0,
            0.0,
            -0.021138374169920964,
            0.14646440899593632,
            0.0,
            1.0
        ],
        [
            0.9074055140098861,
            -0.42025615182226,
            0.0,
            0.0,
            0.42025615182226,
            0.9074055140098861,
            0.0,
            0.0,
            0.0,
            0.0,
            1.0,
            0.0,
            -0.020442393087596423,
            0.14745615612412535,
            0.0,
            1.0
        ],
        [
            0.8874685913541003,
            -0.46086820172362614,
            0.0,
            0.0,
            0.46086820172362614,
            0.8874685913541003,
            0.0,
            0.0,
            0.0,
            0.0,
            1.0,
            0.0,
            -0.019163938596212612,
            0.14954252937407092,
            0.0,
            1.0
        ],
        [
            0.8676267860082474,
            -0.4972160095984429,
            0.0,
            0.0,
            0.4972160095984429,
            0.8676267860082474,
            0.0,
            0.0,
            0.0,
            0.0,
            1.0,
            0.0,
            -0.017470559908964615,
            0.15221090835895323,
            0.0,
            1.0
        ],
        [
            0.8495925482181849,
            -0.5274395719057599,
            0.0,
            0.0,
            0.5274395719057599,
            0.8495925482181849,
            0.0,
            0.0,
            0.0,
            0.0,
            1.0,
            0.0,
            -0.01597055291182991,
            0.15430029299795028,
            0.0,
            1.0
        ],
        [
            0.8340180302848215,
            -0.5517371884872603,
            0.0,
            0.0,
            0.5517371884872603,
            0.8340180302848215,
            0.0,
            0.0,
            0.0,
            0.0,
            1.0,
            0.0,
            -0.014630067355325693,
            0.15604962599446076,
            0.0,
            1.0
        ],
        [
            0.821134929984299,
            -0.5707341121395149,
            0.0,
            0.0,
            0.5707341121395149,
            0.821134929984299,
            0.0,
            0.0,
            0.0,
            0.0,
            1.0,
            0.0,
            -0.013455987301808588,
            0.15746803853613472,
            0.0,
            1.0
        ],
        [
            0.8110283413050758,
            -0.5850068628656738,
            0.0,
            0.0,
            0.5850068628656738,
            0.8110283413050758,
            0.0,
            0.0,
            0.0,
            0.0,
            1.0,
            0.0,
            -0.0125209210255903,
            0.1584404690573322,
            0.0,
            1.0
        ],
        [
            0.8038060077196095,
            -0.5948915043550907,
            0.0,
            0.0,
            0.5948915043550907,
            0.8038060077196095,
            0.0,
            0.0,
            0.0,
            0.0,
            1.0,
            0.0,
            -0.011823907421443593,
            0.159060246268503,
            0.0,
            1.0
        ],
        [
            0.7995649796695677,
            -0.6005795894683766,
            0.0,
            0.0,
            0.6005795894683766,
            0.7995649796695677,
            0.0,
            0.0,
            0.0,
            0.0,
            1.0,
            0.0,
            -0.011322980212840611,
            0.15944127664458316,
            0.0,
            1.0
        ],
        [
            0.7983145660081391,
            -0.6022406941574412,
            0.0,
            0.0,
            0.6022406941574412,
            0.7983145660081391,
            0.0,
            0.0,
            0.0,
            0.0,
            1.0,
            0.0,
            -0.011040265465963137,
            0.15951762861663865,
            0.0,
            1.0
        ],
        [
            0.8013777961676237,
            -0.5981585306668481,
            0.0,
            0.0,
            0.5981585306668481,
            0.8013777961676237,
            0.0,
            0.0,
            0.0,
            0.0,
            1.0,
            0.0,
            -0.011078261347514776,
            0.15910550205151108,
            0.0,
            1.0
        ],
        [
            0.8118187046551523,
            -0.5839095741397213,
            0.0,
            0.0,
            0.5839095741397213,
            0.8118187046551523,
            0.0,
            0.0,
            0.0,
            0.0,
            1.0,
            0.0,
            -0.011674091412822921,
            0.1579359231648365,
            0.0,
            1.0
        ],
        [
            0.8270517760158155,
            -0.5621257508681535,
            0.0,
            0.0,
            0.5621257508681535,
            0.8270517760158155,
            0.0,
            0.0,
            0.0,
            0.0,
            1.0,
            0.0,
            -0.012633367298665795,
            0.15625070699028637,
            0.0,
            1.0
        ],
        [
            0.8452629433154207,
            -0.5343505933914099,
            0.0,
            0.0,
            0.5343505933914099,
            0.8452629433154207,
            0.0,
            0.0,
            0.0,
            0.0,
            1.0,
            0.0,
            -0.013823450209532675,
            0.1540992469013211,
            0.0,
            1.0
        ],
        [
            0.865066156300557,
            -0.5016577969327101,
            0.0,
            0.0,
            0.5016577969327101,
            0.865066156300557,
            0.0,
            0.0,
            0.0,
            0.0,
            1.0,
            0.0,
            -0.014427858254559492,
            0.15184283473679333,
            0.0,
            1.0
        ],
        [
            0.8842949144272297,
            -0.46692880005214765,
            0.0,
            0.0,
            0.46692880005214765,
            0.8842949144272297,
            0.0,
            0.0,
            0.0,
            0.0,
            1.0,
            0.0,
            -0.014007158381170517,
            0.14980855658284048,
            0.0,
            1.0
        ],
        [
            0.902586728348666,
            -0.4305080693887761,
            0.0,
            0.0,
            0.4305080693887761,
            0.902586728348666,
            0.0,
            0.0,
            0.0,
            0.0,
            1.0,
            0.0,
            -0.01297348385227827,
            0.14759256641626078,
            0.0,
            1.0
        ],
        [
            0.9197854687158862,
            -0.39242157374320985,
            0.0,
            0.0,
            0.39242157374320985,
            0.9197854687158862,
            0.0,
            0.0,
            0.0,
            0.0,
            1.0,
            0.0,
            -0.011300387408533077,
            0.1451014022189243,
            0.0,
            1.0
        ],
        [
            0.9357392891967635,
            -0.35269247603760384,
            0.0,
            0.0,
            0.35269247603760384,
            0.9357392891967635,
            0.0,
            0.0,
            0.0,
            0.0,
            1.0,
            0.0,
            -0.008882392240863487,
            0.14229466329030116,
            0.0,
            1.0
        ],
        [
            0.950289611641343,
            -0.3113673939360792,
            0.0,
            0.0,
            0.3113673939360792,
            0.950289611641343,
            0.0,
            0.0,
            0.0,
            0.0,
            1.0,
            0.0,
            -0.0056111084869924985,
            0.13899118194322282,
            0.0,
            1.0
        ],
        [
            0.9628237586976814,
            -0.2701303568414125,
            0.0,
            0.0,
            0.2701303568414125,
            0.9628237586976814,
            0.0,
            0.0,
            0.0,
            0.0,
            1.0,
            0.0,
            -0.001665410617159112,
            0.13566165881098652,
            0.0,
            1.0
        ],
        [
            0.9693240160035934,
            -0.24578639506422092,
            0.0,
            0.0,
            0.24578639506422092,
            0.9693240160035934,
            0.0,
            0.0,
            0.0,
            0.0,
            1.0,
            0.0,
            -0.001003144692657369,
            0.1354683565200774,
            0.0,
            1.0
        ],
        [
            0.9700676060478379,
            -0.2428350050890865,
            0.0,
            0.0,
            0.2428350050890865,
            0.9700676060478379,
            0.0,
            0.0,
            0.0,
            0.0,
            1.0,
            0.0,
            -0.0008641975410291491,
            0.13536037021384772,
            0.0,
            1.0
        ],
        [
            0.9663941032741616,
            -0.25706504460336294,
            0.0,
            0.0,
            0.25706504460336294,
            0.9663941032741616,
            0.0,
            0.0,
            0.0,
            0.0,
            1.0,
            0.0,
            -0.0007278407691134071,
            0.13524022292884005,
            0.0,
            1.0
        ],
        [
            0.9580787113337454,
            -0.2865051184343304,
            0.0,
            0.0,
            0.2865051184343304,
            0.9580787113337454,
            0.0,
            0.0,
            0.0,
            0.0,
            1.0,
            0.0,
            -0.0005540903860755762,
            0.13521997874721087,
            0.0,
            1.0
        ],
        [
            0.9458008490421967,
            -0.32474721546313495,
            0.0,
            0.0,
            0.32474721546313495,
            0.9458008490421967,
            0.0,
            0.0,
            0.0,
            0.0,
            1.0,
            0.0,
            -0.0005528156466289135,
            0.1367179563854965,
            0.0,
            1.0
        ],
        [
            0.9322226291304726,
            -0.36188529914472817,
            0.0,
            0.0,
            0.36188529914472817,
            0.9322226291304726,
            0.0,
            0.0,
            0.0,
            0.0,
            1.0,
            0.0,
            0.0002846094396133387,
            0.1377584022722521,
            0.0,
            1.0
        ],
        [
            0.9174370690019507,
            -0.39788091738748915,
            0.0,
            0.0,
            0.39788091738748915,
            0.9174370690019507,
            0.0,
            0.0,
            0.0,
            0.0,
            1.0,
            0.0,
            0.0022689522006053148,
            0.1378139365180806,
            0.0,
            1.0
        ],
        [
            0.9000661854280831,
            -0.4357532120925094,
            0.0,
            0.0,
            0.4357532120925094,
            0.9000661854280831,
            0.0,
            0.0,
            0.0,
            0.0,
            1.0,
            0.0,
            0.00459924635114751,
            0.13730335208574548,
            0.0,
            1.0
        ],
        [
            0.878589613310395,
            -0.4775775239509189,
            0.0,
            0.0,
            0.4775775239509189,
            0.878589613310395,
            0.0,
            0.0,
            0.0,
            0.0,
            1.0,
            0.0,
            0.006409210206547791,
            0.14009108376014945,
            0.0,
            1.0
        ],
        [
            0.8573518172558454,
            -0.5147308631198438,
            0.0,
            0.0,
            0.5147308631198438,
            0.8573518172558454,
            0.0,
            0.0,
            0.0,
            0.0,
            1.0,
            0.0,
            0.008256017304901678,
            0.14294036861153428,
            0.0,
            1.0
        ],
        [
            0.8380089401969565,
            -0.5456565001445267,
            0.0,
            0.0,
            0.5456565001445267,
            0.8380089401969565,
            0.0,
            0.0,
            0.0,
            0.0,
            1.0,
            0.0,
            0.009940234298294848,
            0.1452192382753027,
            0.0,
            1.0
        ],
        [
            0.8209033972926854,
            -0.5710670821482601,
            0.0,
            0.0,
            0.5710670821482601,
            0.8209033972926854,
            0.0,
            0.0,
            0.0,
            0.0,
            1.0,
            0.0,
            0.011374413394360797,
            0.14692349198154486,
            0.0,
            1.0
        ],
        [
            0.8063348002146923,
            -0.5914593730449559,
            0.0,
            0.0,
            0.5914593730449559,
            0.8063348002146923,
            0.0,
            0.0,
            0.0,
            0.0,
            1.0,
            0.0,
            0.012634743265044785,
            0.14835987121335403,
            0.0,
            1.0
        ],
        [
            0.7944499728119087,
            -0.6073295980760015,
            0.0,
            0.0,
            0.6073295980760015,
            0.7944499728119087,
            0.0,
            0.0,
            0.0,
            0.0,
            1.0,
            0.0,
            0.013744019447735442,
            0.1495624797012859,
            0.0,
            1.0
        ],
        [
            0.7852353488389511,
            -0.6191974216142786,
            0.0,
            0.0,
            0.6191974216142786,
            0.7852353488389511,
            0.0,
            0.0,
            0.0,
            0.0,
            1.0,
            0.0,
            0.01462079349617862,
            0.15036146762470454,
            0.0,
            1.0
        ],
        [
            0.7787358176390338,
            -0.6273519955543823,
            0.0,
            0.0,
            0.6273519955543823,
            0.7787358176390338,
            0.0,
            0.0,
            0.0,
            0.0,
            1.0,
            0.0,
            0.015259547319444292,
            0.15083320253083418,
            0.0,
            1.0
        ],
        [
            0.7755457363428795,
            -0.631291383467556,
            0.0,
            0.0,
            0.631291383467556,
            0.7755457363428795,
            0.0,
            0.0,
            0.0,
            0.0,
            1.0,
            0.0,
            0.01569248589348788,
            0.15107903309132942,
            0.0,
            1.0
        ],
        [
            0.7795853613494294,
            -0.6262959878281831,
            0.0,
            0.0,
            0.6262959878281831,
            0.7795853613494294,
            0.0,
            0.0,
            0.0,
            0.0,
            1.0,
            0.0,
            0.0156187061997612,
            0.1506513855892135,
            0.0,
            1.0
        ],
        [
            0.7897307435328671,
            -0.6134536271952632,
            0.0,
            0.0,
            0.6134536271952632,
            0.7897307435328671,
            0.0,
            0.0,
            0.0,
            0.0,
            1.0,
            0.0,
            0.015030176607536137,
            0.1495822339396554,
            0.0,
            1.0
        ],
        [
            0.8033948697352041,
            -0.5954466250497641,
            0.0,
            0.0,
            0.5954466250497641,
            0.8033948697352041,
            0.0,
            0.0,
            0.0,
            0.0,
            1.0,
            0.0,
            0.014163413424839658,
            0.1481363542435348,
            0.0,
            1.0
        ],
        [
            0.8199550172688352,
            -0.5724279602322585,
            0.0,
            0.0,
            0.5724279602322585,
            0.8199550172688352,
            0.0,
            0.0,
            0.0,
            0.0,
            1.0,
            0.0,
            0.01309979689190472,
            0.14636650677041718,
            0.0,
            1.0
        ],
        [
            0.8390402479533077,
            -0.5440693543239243,
            0.0,
            0.0,
            0.5440693543239243,
            0.8390402479533077,
            0.0,
            0.0,
            0.0,
            0.0,
            1.0,
            0.0,
            0.01184449821757907,
            0.1441776742137027,
            0.0,
            1.0
        ],
        [
            0.8595697939939057,
            -0.5110183648884594,
            0.0,
            0.0,
            0.5110183648884594,
            0.8595697939939057,
            0.0,
            0.0,
            0.0,
            0.0,
            1.0,
            0.0,
            0.011065337952299616,
            0.14189550292328174,
            0.0,
            1.0
        ],
        [
            0.8794423816256701,
            -0.4760053543822476,
            0.0,
            0.0,
            0.4760053543822476,
            0.8794423816256701,
            0.0,
            0.0,
            0.0,
            0.0,
            1.0,
            0.0,
            0.011325117736011359,
            0.13985285383514492,
            0.0,
            1.0
        ],
        [
            0.8983526351421574,
            -0.4392750197008042,
            0.0,
            0.0,
            0.4392750197008042,
            0.8983526351421574,
            0.0,
            0.0,
            0.0,
            0.0,
            1.0,
            0.0,
            0.01231326105382975,
            0.1375841428282218,
            0.0,
            1.0
        ],
        [
            0.9161462802869125,
            -0.400844100762945,
            0.0,
            0.0,
            0.400844100762945,
            0.9161462802869125,
            0.0,
            0.0,
            0.0,
            0.0,
            1.0,
            0.0,
            0.014047077092184163,
            0.134969741827472,
            0.0,
            1.0
        ],
        [
            0.932666825475485,
            -0.3607389536180995,
            0.0,
            0.0,
            0.3607389536180995,
            0.932666825475485,
            0.0,
            0.0,
            0.0,
            0.0,
            1.0,
            0.0,
            0.016620024792658148,
            0.13193415322907165,
            0.0,
            1.0
        ],
        [
            0.9477509731218903,
            -0.3190111172772982,
            0.0,
            0.0,
            0.3190111172772982,
            0.9477509731218903,
            0.0,
            0.0,
            0.0,
            0.0,
            1.0,
            0.0,
            0.020123962659813643,
            0.12825470238197773,
            0.0,
            1.0
        ],
        [
            0.9604893293225351,
            -0.2783168127468169,
            0.0,
            0.0,
            0.2783168127468169,
            0.9604893293225351,
            0.0,
            0.0,
            0.0,
            0.0,
            1.0,
            0.0,
            0.024101387825694494,
            0.12482624921366879,
            0.0,
            1.0
        ],
        [
            0.9657989955052114,
            -0.2592919209715654,
            0.0,
            0.0,
            0.2592919209715654,
            0.9657989955052114,
            0.0,
            0.0,
            0.0,
            0.0,
            1.0,
            0.0,
            0.024603566466492217,
            0.12470265376442985,
            0.0,
            1.0
        ],
        [
            0.9654393771415514,
            -0.26062772121271616,
            0.0,
            0.0,
            0.26062772121271616,
            0.9654393771415514,
            0.0,
            0.0,
            0.0,
            0.0,
            1.0,
            0.0,
            0.02474842546014172,
            0.1245134259695253,
            0.0,
            1.0
        ],
        [
            0.9607561317599316,
            -0.2773944038471089,
            0.0,
            0.0,
            0.2773944038471089,
            0.9607561317599316,
            0.0,
            0.0,
            0.0,
            0.0,
            1.0,
            0.0,
            0.024885562529872524,
            0.12437562140231122,
            0.0,
            1.0
        ],
        [
            0.9514120974608852,
            -0.3079204780541223,
            0.0,
            0.0,
            0.3079204780541223,
            0.9514120974608852,
            0.0,
            0.0,
            0.0,
            0.0,
            1.0,
            0.0,
            0.025056858511680984,
            0.12496673169583039,
            0.0,
            1.0
        ],
        [
            0.9401211054928753,
            -0.34084058884888396,
            0.0,
            0.0,
            0.34084058884888396,
            0.9401211054928753,
            0.0,
            0.0,
            0.0,
            0.0,
            1.0,
            0.0,
            0.025394830355152016,
            0.12613976912564345,
            0.0,
            1.0
        ],
        [
            0.9277740362299588,
            -0.3731425166040061,
            0.0,
            0.0,
            0.3731425166040061,
            0.9277740362299588,
            0.0,
            0.0,
            0.0,
            0.0,
            1.0,
            0.0,
            0.026771883735836256,
            0.12637867359753355,
            0.0,
            1.0
        ],
        [
            0.9133550799533547,
            -0.40716396933348736,
            0.0,
            0.0,
            0.40716396933348736,
            0.9133550799533547,
            0.0,
            0.0,
            0.0,
            0.0,
            1.0,
            0.0,
            0.028667976198390004,
            0.1261846075176084,
            0.0,
            1.0
        ],
        [
            0.8943740546878944,
            -0.4473198523440862,
            0.0,
            0.0,
            0.4473198523440862,
            0.8943740546878944,
            0.0,
            0.0,
            0.0,
            0.0,
            1.0,
            0.0,
            0.030167017938462264,
            0.12742826185343964,
            0.0,
            1.0
        ],
        [
            0.8736217965719234,
            -0.4866055451332679,
            0.0,
            0.0,
            0.4866055451332679,
            0.8736217965719234,
            0.0,
            0.0,
            0.0,
            0.0,
            1.0,
            0.0,
            0.03190659273711853,
            0.13031766965118652,
            0.0,
            1.0
        ],
        [
            0.854369680344181,
            -0.5196657091906122,
            0.0,
            0.0,
            0.5196657091906122,
            0.854369680344181,
            0.0,
            0.0,
            0.0,
            0.0,
            1.0,
            0.0,
            0.03350588084470654,
            0.1326641220012883,
            0.0,
            1.0
        ],
        [
            0.8374307976836761,
            -0.5465433734763252,
            0.0,
            0.0,
            0.5465433734763252,
            0.8374307976836761,
            0.0,
            0.0,
            0.0,
            0.0,
            1.0,
            0.0,
            0.034947023311317216,
            0.1346066420331273,
            0.0,
            1.0
        ],
        [
            0.8230537818014765,
            -0.5679634427164194,
            0.0,
            0.0,
            0.5679634427164194,
            0.8230537818014765,
            0.0,
            0.0,
            0.0,
            0.0,
            1.0,
            0.0,
            0.03621766263612934,
            0.136179301676968,
            0.0,
            1.0
        ],
        [
            0.8113756153344063,
            -0.5845251156628888,
            0.0,
            0.0,
            0.5845251156628888,
            0.8113756153344063,
            0.0,
            0.0,
            0.0,
            0.0,
            1.0,
            0.0,
            0.03726817005886265,
            0.13733387684522524,
            0.0,
            1.0
        ],
        [
            0.8025148268017059,
            -0.5966321754342686,
            0.0,
            0.0,
            0.5966321754342686,
            0.8025148268017059,
            0.0,
            0.0,
            0.0,
            0.0,
            1.0,
            0.0,
            0.038095422961354736,
            0.13814078638326138,
            0.0,
            1.0
        ],
        [
            0.7965599575362594,
            -0.6045595372251046,
            0.0,
            0.0,
            0.6045595372251046,
            0.7965599575362594,
            0.0,
            0.0,
            0.0,
            0.0,
            1.0,
            0.0,
            0.03872086262871008,
            0.13867821528512733,
            0.0,
            1.0
        ],
        [
            0.7935463766660625,
            -0.6085097764869217,
            0.0,
            0.0,
            0.6085097764869217,
            0.7935463766660625,
            0.0,
            0.0,
            0.0,
            0.0,
            1.0,
            0.0,
            0.03912988066242753,
            0.1389157206021245,
            0.0,
            1.0
        ],
        [
            0.7951458219765808,
            -0.6064182729710473,
            0.0,
            0.0,
            0.6064182729710473,
            0.7951458219765808,
            0.0,
            0.0,
            0.0,
            0.0,
            1.0,
            0.0,
            0.039207770390723304,
            0.1386625617070888,
            0.0,
            1.0
        ],
        [
            0.8043326619408863,
            -0.5941792397375458,
            0.0,
            0.0,
            0.5941792397375458,
            0.8043326619408863,
            0.0,
            0.0,
            0.0,
            0.0,
            1.0,
            0.0,
            0.03870712616572757,
            0.1376500856082262,
            0.0,
            1.0
        ],
        [
            0.8181756092505089,
            -0.5749684099388057,
            0.0,
            0.0,
            0.5749684099388057,
            0.8181756092505089,
            0.0,
            0.0,
            0.0,
            0.0,
            1.0,
            0.0,
            0.03784718227586251,
            0.13614898000432307,
            0.0,
            1.0
        ],
        [
            0.8350689189925483,
            -0.5501453449158838,
            0.0,
            0.0,
            0.5501453449158838,
            0.8350689189925483,
            0.0,
            0.0,
            0.0,
            0.0,
            1.0,
            0.0,
            0.03675301532107505,
            0.13421762614078248,
            0.0,
            1.0
        ],
        [
            0.854337889678074,
            -0.519717971846669,
            0.0,
            0.0,
            0.519717971846669,
            0.854337889678074,
            0.0,
            0.0,
            0.0,
            0.0,
            1.0,
            0.0,
            0.035666732403708684,
            0.13195977497704028,
            0.0,
            1.0
        ],
        [
            0.8737310181140674,
            -0.4864094036769388,
            0.0,
            0.0,
            0.4864094036769388,
            0.8737310181140674,
            0.0,
            0.0,
            0.0,
            0.0,
            1.0,
            0.0,
            0.035733527781385804,
            0.1299400293527952,
            0.0,
            1.0
        ],
        [
            0.8923153836185597,
            -0.4514125121855427,
            0.0,
            0.0,
            0.4514125121855427,
            0.8923153836185597,
            0.0,
            0.0,
            0.0,
            0.0,
            1.0,
            0.0,
            0.03646175741692795,
            0.12778172273569355,
            0.0,
            1.0
        ],
        [
            0.9099331948985552,
            -0.41475484424140013,
            0.0,
            0.0,
            0.41475484424140013,
            0.9099331948985552,
            0.0,
            0.0,
            0.0,
            0.0,
            1.0,
            0.0,
            0.03786660563700986,
            0.12543313706610815,
            0.0,
            1.0
        ],
        [
            0.926435051212639,
            -0.376454639876619,
            0.0,
            0.0,
            0.376454639876619,
            0.926435051212639,
            0.0,
            0.0,
            0.0,
            0.0,
            1.0,
            0.0,
            0.04001590551409204,
            0.12278809045834001,
            0.0,
            1.0
        ],
        [
            0.9416657387000239,
            -0.3365496049002856,
            0.0,
            0.0,
            0.3365496049002856,
            0.9416657387000239,
            0.0,
            0.0,
            0.0,
            0.0,
            1.0,
            0.0,
            0.04298556289719824,
            0.11964273496218916,
            0.0,
            1.0
        ],
        [
            0.955466499554402,
            -0.29509959035765865,
            0.0,
            0.0,
            0.29509959035765865,
            0.955466499554402,
            0.0,
            0.0,
            0.0,
            0.0,
            1.0,
            0.0,
            0.04685330981417155,
            0.11571587831771134,
            0.0,
            1.0
        ],
        [
            0.9651455396323143,
            -0.26171375074277003,
            0.0,
            0.0,
            0.26171375074277003,
            0.9651455396323143,
            0.0,
            0.0,
            0.0,
            0.0,
            1.0,
            0.0,
            0.049414443321971056,
            0.114069832012148,
            0.0,
            1.0
        ],
        [
            0.9677374146596477,
            -0.2519609022603727,
            0.0,
            0.0,
            0.2519609022603727,
            0.9677374146596477,
            0.0,
            0.0,
            0.0,
            0.0,
            1.0,
            0.0,
            0.049535172714815945,
            0.1139557567262391,
            0.0,
            1.0
        ],
        [
            0.9654207508664828,
            -0.26069670844948617,
            0.0,
            0.0,
            0.26069670844948617,
            0.9654207508664828,
            0.0,
            0.0,
            0.0,
            0.0,
            1.0,
            0.0,
            0.04973730989025016,
            0.11398275408328333,
            0.0,
            1.0
        ],
        [
            0.9586753476825846,
            -0.2845023334626195,
            0.0,
            0.0,
            0.2845023334626195,
            0.9586753476825846,
            0.0,
            0.0,
            0.0,
            0.0,
            1.0,
            0.0,
            0.0499220900304515,
            0.11392392414879476,
            0.0,
            1.0
        ],
        [
            0.9477273359508471,
            -0.31908133240838465,
            0.0,
            0.0,
            0.31908133240838465,
            0.9477273359508471,
            0.0,
            0.0,
            0.0,
            0.0,
            1.0,
            0.0,
            0.049929297533835446,
            0.11490595704606484,
            0.0,
            1.0
        ],
        [
            0.9354337163187371,
            -0.35350213913654965,
            0.0,
            0.0,
            0.35350213913654965,
            0.9354337163187371,
            0.0,
            0.0,
            0.0,
            0.0,
            1.0,
            0.0,
            0.05065783746346616,
            0.11593975152389636,
            0.0,
            1.0
        ],
        [
            0.9219449816734102,
            -0.38732086280913813,
            0.0,
            0.0,
            0.38732086280913813,
            0.9219449816734102,
            0.0,
            0.0,
            0.0,
            0.0,
            1.0,
            0.0,
            0.052432056747124936,
            0.11604528938931588,
            0.0,
            1.0
        ],
        [
            0.9056976113345029,
            -0.423924329123696,
            0.0,
            0.0,
            0.423924329123696,
            0.9056976113345029,
            0.0,
            0.0,
            0.0,
            0.0,
            1.0,
            0.0,
            0.05438768713404829,
            0.11577215910168018,
            0.0,
            1.0
        ],
        [
            0.8849718130717923,
            -0.46564459630540617,
            0.0,
            0.0,
            0.46564459630540617,
            0.8849718130717923,
            0.0,
            0.0,
            0.0,
            0.0,
            1.0,
            0.0,
            0.05604438442869354,
            0.11811801301743888,
            0.0,
            1.0
        ],
        [
            0.8640962978851514,
            -0.5033265222310223,
            0.0,
            0.0,
            0.5033265222310223,
            0.8640962978851514,
            0.0,
            0.0,
            0.0,
            0.0,
            1.0,
            0.0,
            0.05776843689493734,
            0.12084223291828548,
            0.0,
            1.0
        ],
        [
            0.8451667033796815,
            -0.5345028002717307,
            0.0,
            0.0,
            0.5345028002717307,
            0.8451667033796815,
            0.0,
            0.0,
            0.0,
            0.0,
            1.0,
            0.0,
            0.059395730236727104,
            0.12317898918506062,
            0.0,
            1.0
        ],
        [
            0.828557557226707,
            -0.5599038974346511,
            0.0,
            0.0,
            0.5599038974346511,
            0.828557557226707,
            0.0,
            0.0,
            0.0,
            0.0,
            1.0,
            0.0,
            0.060826971789333426,
            0.1250051498765115,
            0.0,
            1.0
        ],
        [
            0.8144827436776355,
            -0.5801877801637597,
            0.0,
            0.0,
            0.5801877801637597,
            0.8144827436776355,
            0.0,
            0.0,
            0.0,
