{
    "1645914511176": [
        [
            0.9393727128473789,
            -0.34289780745545134,
            0.0,
            0.0,
            0.34289780745545134,
            0.9393727128473789,
            0.0,
            0.0,
            0.0,
            0.0,
            1.0,
            0.0,
            -0.048495785482399884,
            0.15858883899567222,
            0.0,
            1.0
        ],
        [
            0.939533472604694,
            -0.34245708323140966,
            0.0,
            0.0,
            0.34245708323140966,
            0.939533472604694,
            0.0,
            0.0,
            0.0,
            0.0,
            1.0,
            0.0,
            -0.04780925455596009,
            0.15790649684121152,
            0.0,
            1.0
        ],
        [
            0.9400344098360689,
            -0.34107962167821426,
            0.0,
            0.0,
            0.34107962167821426,
            0.9400344098360689,
            0.0,
            0.0,
            0.0,
            0.0,
            1.0,
            0.0,
            -0.046049708595379296,
            0.15688669261397017,
            0.0,
            1.0
        ],
        [
            0.9408745964031234,
            -0.3387550646754373,
            0.0,
            0.0,
            0.3387550646754373,
            0.9408745964031234,
            0.0,
            0.0,
            0.0,
            0.0,
            1.0,
            0.0,
            -0.044197394254773203,
            0.15601890035898824,
            0.0,
            1.0
        ],
        [
            0.9420449275050777,
            -0.33548674275141316,
            0.0,
            0.0,
            0.33548674275141316,
            0.9420449275050777,
            0.0,
            0.0,
            0.0,
            0.0,
            1.0,
            0.0,
            -0.04220851386522319,
            0.15518145513287637,
            0.0,
            1.0
        ],
        [
            0.9435323979580511,
            -0.33128026503782254,
            0.0,
            0.0,
            0.33128026503782254,
            0.9435323979580511,
            0.0,
            0.0,
            0.0,
            0.0,
            1.0,
            0.0,
            -0.04002279526338068,
            0.15419027239132538,
            0.0,
            1.0
        ],
        [
            0.9453219817390621,
            -0.326138545469456,
            0.0,
            0.0,
            0.326138545469456,
            0.9453219817390621,
            0.0,
            0.0,
            0.0,
            0.0,
            1.0,
            0.0,
            -0.037576541775148395,
            0.15288634140613921,
            0.0,
            1.0
        ],
        [
            0.9474015123621559,
            -0.3200474564402909,
            0.0,
            0.0,
            0.3200474564402909,
            0.9474015123621559,
            0.0,
            0.0,
            0.0,
            0.0,
            1.0,
            0.0,
            -0.034863164735817895,
            0.15140204304135002,
            0.0,
            1.0
        ],
        [
            0.949759092528067,
            -0.31298189430103257,
            0.0,
            0.0,
            0.31298189430103257,
            0.949759092528067,
            0.0,
            0.0,
            0.0,
            0.0,
            1.0,
            0.0,
            -0.03149686696221096,
            0.1499218733579259,
            0.0,
            1.0
        ],
        [
            0.9523600391072089,
            -0.3049759923530301,
            0.0,
            0.0,
            0.3049759923530301,
            0.9523600391072089,
            0.0,
            0.0,
            0.0,
            0.0,
            1.0,
            0.0,
            -0.027357273817209656,
            0.14776826316343578,
            0.0,
            1.0
        ],
        [
            0.9544269990576538,
            -0.29844447300930393,
            0.0,
            0.0,
            0.29844447300930393,
            0.9544269990576538,
            0.0,
            0.0,
            0.0,
            0.0,
            1.0,
            0.0,
            -0.022846361483486552,
            0.14477065634113095,
            0.0,
            1.0
        ],
        [
            0.9493083500262156,
            -0.3143463958287164,
            0.0,
            0.0,
            0.3143463958287164,
            0.9493083500262156,
            0.0,
            0.0,
            0.0,
            0.0,
            1.0,
            0.0,
            -0.021892459597529165,
            0.14413628874073625,
            0.0,
            1.0
        ],
        [
            0.9380957970389054,
            -0.3463759165674495,
            0.0,
            0.0,
            0.3463759165674495,
            0.9380957970389054,
            0.0,
            0.0,
            0.0,
            0.0,
            1.0,
            0.0,
            -0.021628117423520027,
            0.14522270140644472,
            0.0,
            1.0
        ],
        [
            0.9242579950499746,
            -0.3817684620109432,
            0.0,
            0.0,
            0.3817684620109432,
            0.9242579950499746,
            0.0,
            0.0,
            0.0,
            0.0,
            1.0,
            0.0,
            -0.021138369557925193,
            0.14646440695275642,
            0.0,
            1.0
        ],
        [
            0.9074055180260675,
            -0.42025614315063164,
            0.0,
            0.0,
            0.42025614315063164,
            0.9074055180260675,
            0.0,
            0.0,
            0.0,
            0.0,
            1.0,
            0.0,
            -0.020442388201012296,
            0.1474561541397628,
            0.0,
            1.0
        ],
        [
            0.8874685935078502,
            -0.46086819757626807,
            0.0,
            0.0,
            0.46086819757626807,
            0.8874685935078502,
            0.0,
            0.0,
            0.0,
            0.0,
            1.0,
            0.0,
            -0.019163934335722558,
            0.14954252591473588,
            0.0,
            1.0
        ],
        [
            0.8676267857890214,
            -0.49721600998098553,
            0.0,
            0.0,
            0.49721600998098553,
            0.8676267857890214,
            0.0,
            0.0,
            0.0,
            0.0,
            1.0,
            0.0,
            -0.017470555210599883,
            0.1522109068892445,
            0.0,
            1.0
        ],
        [
            0.8495925449697787,
            -0.5274395771382487,
            0.0,
            0.0,
            0.5274395771382487,
            0.8495925449697787,
            0.0,
            0.0,
            0.0,
            0.0,
            1.0,
            0.0,
            -0.015970547729741595,
            0.15430029198436757,
            0.0,
            1.0
        ],
        [
            0.8340180230938371,
            -0.5517371993573098,
            0.0,
            0.0,
            0.5517371993573098,
            0.8340180230938371,
            0.0,
            0.0,
            0.0,
            0.0,
            1.0,
            0.0,
            -0.014630062289333988,
            0.1560496243880733,
            0.0,
            1.0
        ],
        [
            0.8211349189709154,
            -0.570734127984851,
            0.0,
            0.0,
            0.570734127984851,
            0.8211349189709154,
            0.0,
            0.0,
            0.0,
            0.0,
            1.0,
            0.0,
            -0.013455981982655484,
            0.1574680374841259,
            0.0,
            1.0
        ],
        [
            0.8110283264495148,
            -0.5850068834607839,
            0.0,
            0.0,
            0.5850068834607839,
            0.8110283264495148,
            0.0,
            0.0,
            0.0,
            0.0,
            1.0,
            0.0,
            -0.012520915146247725,
            0.15844046902165,
            0.0,
            1.0
        ],
        [
            0.8038059884430121,
            -0.5948915304012592,
            0.0,
            0.0,
            0.5948915304012592,
            0.8038059884430121,
            0.0,
            0.0,
            0.0,
            0.0,
            1.0,
            0.0,
            -0.011823901137726495,
            0.15906024622480902,
            0.0,
            1.0
        ],
        [
            0.7995649555223694,
            -0.600579621616078,
            0.0,
            0.0,
            0.600579621616078,
            0.7995649555223694,
            0.0,
            0.0,
            0.0,
            0.0,
            1.0,
            0.0,
            -0.011322973846880614,
            0.15944127669453434,
            0.0,
            1.0
        ],
        [
            0.7983145369113527,
            -0.6022407327273808,
            0.0,
            0.0,
            0.6022407327273808,
            0.7983145369113527,
            0.0,
            0.0,
            0.0,
            0.0,
            1.0,
            0.0,
            -0.01104025889774462,
            0.15951762890882515,
            0.0,
            1.0
        ],
        [
            0.8013777639896708,
            -0.598158573776984,
            0.0,
            0.0,
            0.598158573776984,
            0.8013777639896708,
            0.0,
            0.0,
            0.0,
            0.0,
            1.0,
            0.0,
            -0.011078254455981651,
            0.15910550355183484,
            0.0,
            1.0
        ],
        [
            0.8118186695097515,
            -0.5839096230029241,
            0.0,
            0.0,
            0.5839096230029241,
            0.8118186695097515,
            0.0,
            0.0,
            0.0,
            0.0,
            1.0,
            0.0,
            -0.01167408432374429,
            0.15793592487460878,
            0.0,
            1.0
        ],
        [
            0.8270517366743969,
            -0.5621258087509096,
            0.0,
            0.0,
            0.5621258087509096,
            0.8270517366743969,
            0.0,
            0.0,
            0.0,
            0.0,
            1.0,
            0.0,
            -0.01263336012568321,
            0.15625070872398825,
            0.0,
            1.0
        ],
        [
            0.8452629001636486,
            -0.5343506616510714,
            0.0,
            0.0,
            0.5343506616510714,
            0.8452629001636486,
            0.0,
            0.0,
            0.0,
            0.0,
            1.0,
            0.0,
            -0.013823442765291582,
            0.1540992499002648,
            0.0,
            1.0
        ],
        [
            0.8650661137832599,
            -0.5016578702501616,
            0.0,
            0.0,
            0.5016578702501616,
            0.8650661137832599,
            0.0,
            0.0,
            0.0,
            0.0,
            1.0,
            0.0,
            -0.014427852640287368,
            0.15184283829210382,
            0.0,
            1.0
        ],
        [
            0.8842948731179526,
            -0.4669288782858735,
            0.0,
            0.0,
            0.4669288782858735,
            0.8842948731179526,
            0.0,
            0.0,
            0.0,
            0.0,
            1.0,
            0.0,
            -0.014007155132477626,
            0.14980855834713272,
            0.0,
            1.0
        ],
        [
            0.9025866887810708,
            -0.4305081523446709,
            0.0,
            0.0,
            0.4305081523446709,
            0.9025866887810708,
            0.0,
            0.0,
            0.0,
            0.0,
            1.0,
            0.0,
            -0.012973481726485051,
            0.147592569406666,
            0.0,
            1.0
        ],
        [
            0.9197854313327264,
            -0.392421661364495,
            0.0,
            0.0,
            0.392421661364495,
            0.9197854313327264,
            0.0,
            0.0,
            0.0,
            0.0,
            1.0,
            0.0,
            -0.011300385921286347,
            0.14510140713842068,
            0.0,
            1.0
        ],
        [
            0.9357392543703227,
            -0.35269256843669466,
            0.0,
            0.0,
            0.35269256843669466,
            0.9357392543703227,
            0.0,
            0.0,
            0.0,
            0.0,
            1.0,
            0.0,
            -0.008882392219036042,
            0.1422946678197162,
            0.0,
            1.0
        ],
        [
            0.9502895798319746,
            -0.3113674910178792,
            0.0,
            0.0,
            0.3113674910178792,
            0.9502895798319746,
            0.0,
            0.0,
            0.0,
            0.0,
            1.0,
            0.0,
            -0.005611110124631846,
            0.13899118651272865,
            0.0,
            1.0
        ],
        [
            0.9628237344568275,
            -0.27013044324290547,
            0.0,
            0.0,
            0.27013044324290547,
            0.9628237344568275,
            0.0,
            0.0,
            0.0,
            0.0,
            1.0,
            0.0,
            -0.0016654101129257503,
            0.13566165815376158,
            0.0,
            1.0
        ],
        [
            0.9693240025569361,
            -0.2457864480946843,
            0.0,
            0.0,
            0.2457864480946843,
            0.9693240025569361,
            0.0,
            0.0,
            0.0,
            0.0,
            1.0,
            0.0,
            -0.0010031382153282038,
            0.1354683539420157,
            0.0,
            1.0
        ],
        [
            0.9700675993755352,
            -0.24283503174333426,
            0.0,
            0.0,
            0.24283503174333426,
            0.9700675993755352,
            0.0,
            0.0,
            0.0,
            0.0,
            1.0,
            0.0,
            -0.0008641909284230562,
            0.13536036783047023,
            0.0,
            1.0
        ],
        [
            0.9663941025916185,
            -0.25706504716927275,
            0.0,
            0.0,
            0.25706504716927275,
            0.9663941025916185,
            0.0,
            0.0,
            0.0,
            0.0,
            1.0,
            0.0,
            -0.0007278342552582877,
            0.13524021942233114,
            0.0,
            1.0
        ],
        [
            0.958078717351706,
            -0.2865050983101519,
            0.0,
            0.0,
            0.2865050983101519,
            0.958078717351706,
            0.0,
            0.0,
            0.0,
            0.0,
            1.0,
            0.0,
            -0.0005540840542357095,
            0.13521997536757405,
            0.0,
            1.0
        ],
        [
            0.945800858764643,
            -0.3247471871472697,
            0.0,
            0.0,
            0.3247471871472697,
            0.945800858764643,
            0.0,
            0.0,
            0.0,
            0.0,
            1.0,
            0.0,
            -0.0005528084057370743,
            0.1367179528234318,
            0.0,
            1.0
        ],
        [
            0.9322226425396614,
            -0.36188526460242987,
            0.0,
            0.0,
            0.36188526460242987,
            0.9322226425396614,
            0.0,
            0.0,
            0.0,
            0.0,
            1.0,
            0.0,
            0.00028461488537194317,
            0.13775839848405302,
            0.0,
            1.0
        ],
        [
            0.9174370867885034,
            -0.39788087637510794,
            0.0,
            0.0,
            0.39788087637510794,
            0.9174370867885034,
            0.0,
            0.0,
            0.0,
            0.0,
            1.0,
            0.0,
            0.002268956211487802,
            0.13781393354876909,
            0.0,
            1.0
        ],
        [
            0.9000662108335998,
            -0.4357531596163656,
            0.0,
            0.0,
            0.4357531596163656,
            0.9000662108335998,
            0.0,
            0.0,
            0.0,
            0.0,
            1.0,
            0.0,
            0.0045992505318439535,
            0.13730334883239645,
            0.0,
            1.0
        ],
        [
            0.878589643762361,
            -0.477577467929055,
            0.0,
            0.0,
            0.477577467929055,
            0.878589643762361,
            0.0,
            0.0,
            0.0,
            0.0,
            1.0,
            0.0,
            0.006409214183923881,
            0.14009107654913563,
            0.0,
            1.0
        ],
        [
            0.8573518496638285,
            -0.5147308091400902,
            0.0,
            0.0,
            0.5147308091400902,
            0.8573518496638285,
            0.0,
            0.0,
            0.0,
            0.0,
            1.0,
            0.0,
            0.00825602081899762,
            0.1429403609990892,
            0.0,
            1.0
        ],
        [
            0.8380089753303673,
            -0.5456564461872945,
            0.0,
            0.0,
            0.5456564461872945,
            0.8380089753303673,
            0.0,
            0.0,
            0.0,
            0.0,
            1.0,
            0.0,
            0.009940238324040764,
            0.14521923260184985,
            0.0,
            1.0
        ],
        [
            0.820903435330121,
            -0.5710670274698111,
            0.0,
            0.0,
            0.5710670274698111,
            0.820903435330121,
            0.0,
            0.0,
            0.0,
            0.0,
            1.0,
            0.0,
            0.011374418234240073,
            0.1469234866311981,
            0.0,
            1.0
        ],
        [
            0.8063348394917152,
            -0.5914593194987039,
            0.0,
            0.0,
            0.5914593194987039,
            0.8063348394917152,
            0.0,
            0.0,
            0.0,
            0.0,
            1.0,
            0.0,
            0.012634746846339341,
            0.14835986218747405,
            0.0,
            1.0
        ],
        [
            0.794450015531494,
            -0.6073295421943583,
            0.0,
            0.0,
            0.6073295421943583,
            0.794450015531494,
            0.0,
            0.0,
            0.0,
            0.0,
            1.0,
            0.0,
            0.013744023174643509,
            0.1495624718003707,
            0.0,
            1.0
        ],
        [
            0.7852353962713879,
            -0.6191973614628185,
            0.0,
            0.0,
            0.6191973614628185,
            0.7852353962713879,
            0.0,
            0.0,
            0.0,
            0.0,
            1.0,
            0.0,
            0.01462079832958571,
            0.150361461874919,
            0.0,
            1.0
        ],
        [
            0.7787358684782069,
            -0.6273519324474046,
            0.0,
            0.0,
            0.6273519324474046,
            0.7787358684782069,
            0.0,
            0.0,
            0.0,
            0.0,
            1.0,
            0.0,
            0.01525955161655838,
            0.1508331945812999,
            0.0,
            1.0
        ],
        [
            0.7755457880577284,
            -0.6312913199355088,
            0.0,
            0.0,
            0.6312913199355088,
            0.7755457880577284,
            0.0,
            0.0,
            0.0,
            0.0,
            1.0,
            0.0,
            0.01569248937170141,
            0.15107902350149088,
            0.0,
            1.0
        ],
        [
            0.779585410335859,
            -0.6262959268520515,
            0.0,
            0.0,
            0.6262959268520515,
            0.779585410335859,
            0.0,
            0.0,
            0.0,
            0.0,
            1.0,
            0.0,
            0.01561871055049948,
            0.1506513778365741,
            0.0,
            1.0
        ],
        [
            0.7897307948840616,
            -0.6134535610881953,
            0.0,
            0.0,
            0.6134535610881953,
            0.7897307948840616,
            0.0,
            0.0,
            0.0,
            0.0,
            1.0,
            0.0,
            0.01503018154091059,
            0.14958222658714862,
            0.0,
            1.0
        ],
        [
            0.8033949239024337,
            -0.5954465519656678,
            0.0,
            0.0,
            0.5954465519656678,
            0.8033949239024337,
            0.0,
            0.0,
            0.0,
            0.0,
            1.0,
            0.0,
            0.01416341770499997,
            0.14813634487053717,
            0.0,
            1.0
        ],
        [
            0.8199550745762322,
            -0.5724278781442127,
            0.0,
            0.0,
            0.5724278781442127,
            0.8199550745762322,
            0.0,
            0.0,
            0.0,
            0.0,
            1.0,
            0.0,
            0.013099800782300629,
            0.14636649589965883,
            0.0,
            1.0
        ],
        [
            0.8390403084818174,
            -0.5440692609794608,
            0.0,
            0.0,
            0.5440692609794608,
            0.8390403084818174,
            0.0,
            0.0,
            0.0,
            0.0,
            1.0,
            0.0,
            0.011844501917430111,
            0.14417766342629543,
            0.0,
            1.0
        ],
        [
            0.8595698522849323,
            -0.5110182668387302,
            0.0,
            0.0,
            0.5110182668387302,
            0.8595698522849323,
            0.0,
            0.0,
            0.0,
            0.0,
            1.0,
            0.0,
            0.011065345231321045,
            0.14189549427875628,
            0.0,
            1.0
        ],
        [
            0.8794424344189167,
            -0.47600525684421746,
            0.0,
            0.0,
            0.47600525684421746,
            0.8794424344189167,
            0.0,
            0.0,
            0.0,
            0.0,
            1.0,
            0.0,
            0.011325126193631206,
            0.13985284356227107,
            0.0,
            1.0
        ],
        [
            0.8983526825192922,
            -0.43927492281075164,
            0.0,
            0.0,
            0.43927492281075164,
            0.8983526825192922,
            0.0,
            0.0,
            0.0,
            0.0,
            1.0,
            0.0,
            0.012313271052843877,
            0.1375841329108099,
            0.0,
            1.0
        ],
        [
            0.9161463222922687,
            -0.40084400475789905,
            0.0,
            0.0,
            0.40084400475789905,
            0.9161463222922687,
            0.0,
            0.0,
            0.0,
            0.0,
            1.0,
            0.0,
            0.014047088811285397,
            0.13496973260154838,
            0.0,
            1.0
        ],
        [
            0.9326668621372212,
            -0.3607388588315787,
            0.0,
            0.0,
            0.3607388588315787,
            0.9326668621372212,
            0.0,
            0.0,
            0.0,
            0.0,
            1.0,
            0.0,
            0.0166200378482508,
            0.13193414376155482,
            0.0,
            1.0
        ],
        [
            0.9477510045060941,
            -0.31901102403786885,
            0.0,
            0.0,
            0.31901102403786885,
            0.9477510045060941,
            0.0,
            0.0,
            0.0,
            0.0,
            1.0,
            0.0,
            0.020123976918626676,
            0.12825469200908365,
            0.0,
            1.0
        ],
        [
            0.9604893504940573,
            -0.2783167396825135,
            0.0,
            0.0,
            0.2783167396825135,
            0.9604893504940573,
            0.0,
            0.0,
            0.0,
            0.0,
            1.0,
            0.0,
            0.024101398402516194,
            0.12482624599087472,
            0.0,
            1.0
        ],
        [
            0.965799005198894,
            -0.25929188486496596,
            0.0,
            0.0,
            0.25929188486496596,
            0.965799005198894,
            0.0,
            0.0,
            0.0,
            0.0,
            1.0,
            0.0,
            0.024603572642310518,
            0.12470265107760259,
            0.0,
            1.0
        ],
        [
            0.9654393795922956,
            -0.2606277121344608,
            0.0,
            0.0,
            0.2606277121344608,
            0.9654393795922956,
            0.0,
            0.0,
            0.0,
            0.0,
            1.0,
            0.0,
            0.024748431206299513,
            0.12451342259359333,
            0.0,
            1.0
        ],
        [
            0.9607561265814124,
            -0.27739442178292106,
            0.0,
            0.0,
            0.27739442178292106,
            0.9607561265814124,
            0.0,
            0.0,
            0.0,
            0.0,
            1.0,
            0.0,
            0.024885568587775235,
            0.12437561902509309,
            0.0,
            1.0
        ],
        [
            0.9514120854323814,
            -0.3079205152197673,
            0.0,
            0.0,
            0.3079205152197673,
            0.9514120854323814,
            0.0,
            0.0,
            0.0,
            0.0,
            1.0,
            0.0,
            0.025056864254445685,
            0.12496673161683686,
            0.0,
            1.0
        ],
        [
            0.9401210895628458,
            -0.34084063278777027,
            0.0,
            0.0,
            0.34084063278777027,
            0.9401210895628458,
            0.0,
            0.0,
            0.0,
            0.0,
            1.0,
            0.0,
            0.0253948370607203,
            0.12613976769602236,
            0.0,
            1.0
        ],
        [
            0.9277740159405119,
            -0.3731425670512745,
            0.0,
            0.0,
            0.3731425670512745,
            0.9277740159405119,
            0.0,
            0.0,
            0.0,
            0.0,
            1.0,
            0.0,
            0.0267718917767803,
            0.1263786716391809,
            0.0,
            1.0
        ],
        [
            0.9133550532817396,
            -0.4071640291635676,
            0.0,
            0.0,
            0.4071640291635676,
            0.9133550532817396,
            0.0,
            0.0,
            0.0,
            0.0,
            1.0,
            0.0,
            0.028667985004098714,
            0.12618460579647778,
            0.0,
            1.0
        ],
        [
            0.894374020481348,
            -0.4473199207368585,
            0.0,
            0.0,
            0.4473199207368585,
            0.894374020481348,
            0.0,
            0.0,
            0.0,
            0.0,
            1.0,
            0.0,
            0.030167027548306594,
            0.12742826473888488,
            0.0,
            1.0
        ],
        [
            0.8736217609634417,
            -0.48660560906254985,
            0.0,
            0.0,
            0.48660560906254985,
            0.8736217609634417,
            0.0,
            0.0,
            0.0,
            0.0,
            1.0,
            0.0,
            0.03190660228696813,
            0.13031767141388767,
            0.0,
            1.0
        ],
        [
            0.8543696453281848,
            -0.5196657667595506,
            0.0,
            0.0,
            0.5196657667595506,
            0.8543696453281848,
            0.0,
            0.0,
            0.0,
            0.0,
            1.0,
            0.0,
            0.03350589017048903,
            0.1326641229893228,
            0.0,
            1.0
        ],
        [
            0.8374307638997704,
            -0.5465434252410754,
            0.0,
            0.0,
            0.5465434252410754,
            0.8374307638997704,
            0.0,
            0.0,
            0.0,
            0.0,
            1.0,
            0.0,
            0.03494703279500507,
            0.13460664321514434,
            0.0,
            1.0
        ],
        [
            0.823053749102098,
            -0.5679634901021197,
            0.0,
            0.0,
            0.5679634901021197,
            0.823053749102098,
            0.0,
            0.0,
            0.0,
            0.0,
            1.0,
            0.0,
            0.03621767211782594,
            0.13617930250412652,
            0.0,
            1.0
        ],
        [
            0.8113755834978422,
            -0.5845251598550194,
            0.0,
            0.0,
            0.5845251598550194,
            0.8113755834978422,
            0.0,
            0.0,
            0.0,
            0.0,
            1.0,
            0.0,
            0.037268179357473334,
            0.1373338769441225,
            0.0,
            1.0
        ],
        [
            0.802514796385512,
            -0.5966322163463184,
            0.0,
            0.0,
            0.5966322163463184,
            0.802514796385512,
            0.0,
            0.0,
            0.0,
            0.0,
            1.0,
            0.0,
            0.03809543269663908,
            0.13814078718130393,
            0.0,
            1.0
        ],
        [
            0.796559927449097,
            -0.6045595768675651,
            0.0,
            0.0,
            0.6045595768675651,
            0.796559927449097,
            0.0,
            0.0,
            0.0,
            0.0,
            1.0,
            0.0,
            0.038720871870107705,
            0.1386782148508875,
            0.0,
            1.0
        ],
        [
            0.7935463469812079,
            -0.6085098151983914,
            0.0,
            0.0,
            0.6085098151983914,
            0.7935463469812079,
            0.0,
            0.0,
            0.0,
            0.0,
            1.0,
            0.0,
            0.03912988932522584,
            0.13891571929398894,
            0.0,
            1.0
        ],
        [
            0.7951458009853415,
            -0.6064183004951118,
            0.0,
            0.0,
            0.6064183004951118,
            0.7951458009853415,
            0.0,
            0.0,
            0.0,
            0.0,
            1.0,
            0.0,
            0.03920777914026534,
            0.1386625615635739,
            0.0,
            1.0
        ],
        [
            0.804332648481139,
            -0.5941792579578292,
            0.0,
            0.0,
            0.5941792579578292,
            0.804332648481139,
            0.0,
            0.0,
            0.0,
            0.0,
            1.0,
            0.0,
            0.03870713465358937,
            0.13765008533219608,
            0.0,
            1.0
        ],
        [
            0.8181755974844758,
            -0.5749684266817797,
            0.0,
            0.0,
            0.5749684266817797,
            0.8181755974844758,
            0.0,
            0.0,
            0.0,
            0.0,
            1.0,
            0.0,
            0.03784718994912153,
            0.13614897805084047,
            0.0,
            1.0
        ],
        [
            0.8350689086094465,
            -0.550145360676456,
            0.0,
            0.0,
            0.550145360676456,
            0.8350689086094465,
            0.0,
            0.0,
            0.0,
            0.0,
            1.0,
            0.0,
            0.03675302283272543,
            0.13421762446448163,
            0.0,
            1.0
        ],
        [
            0.8543378805462182,
            -0.5197179868580613,
            0.0,
            0.0,
            0.5197179868580613,
            0.8543378805462182,
            0.0,
            0.0,
            0.0,
            0.0,
            1.0,
            0.0,
            0.03566673993227091,
            0.1319597735428868,
            0.0,
            1.0
        ],
        [
            0.8737310107301446,
            -0.48640941694058504,
            0.0,
            0.0,
            0.48640941694058504,
            0.8737310107301446,
            0.0,
            0.0,
            0.0,
            0.0,
            1.0,
            0.0,
            0.03573353509611228,
            0.12994002699871868,
            0.0,
            1.0
        ],
        [
            0.8923153778194544,
            -0.4514125236487402,
            0.0,
            0.0,
            0.4514125236487402,
            0.8923153778194544,
            0.0,
            0.0,
            0.0,
            0.0,
            1.0,
            0.0,
            0.03646176495361105,
            0.12778172002678642,
            0.0,
            1.0
        ],
        [
            0.9099331905578107,
            -0.41475485376458565,
            0.0,
            0.0,
            0.41475485376458565,
            0.9099331905578107,
            0.0,
            0.0,
            0.0,
            0.0,
            1.0,
            0.0,
            0.037866613733438956,
            0.12543313448173418,
            0.0,
            1.0
        ],
        [
            0.9264350481800392,
            -0.3764546473396876,
            0.0,
            0.0,
            0.3764546473396876,
            0.9264350481800392,
            0.0,
            0.0,
            0.0,
            0.0,
            1.0,
            0.0,
            0.040015914654231016,
            0.12278808812416737,
            0.0,
            1.0
        ],
        [
            0.9416657367555866,
            -0.3365496103408207,
            0.0,
            0.0,
            0.3365496103408207,
            0.9416657367555866,
            0.0,
            0.0,
            0.0,
            0.0,
            1.0,
            0.0,
            0.04298557256959143,
            0.11964273086202229,
            0.0,
            1.0
        ],
        [
            0.955466498519302,
            -0.2950995937090811,
            0.0,
            0.0,
            0.2950995937090811,
            0.955466498519302,
            0.0,
            0.0,
            0.0,
            0.0,
            1.0,
            0.0,
            0.04685332000679371,
            0.11571587215561494,
            0.0,
            1.0
        ],
        [
            0.9651455366668469,
            -0.261713761678793,
            0.0,
            0.0,
            0.261713761678793,
            0.9651455366668469,
            0.0,
            0.0,
            0.0,
            0.0,
            1.0,
            0.0,
            0.04941445411325476,
            0.11406982737529522,
            0.0,
            1.0
        ],
        [
            0.9677374075030697,
            -0.2519609297475259,
            0.0,
            0.0,
            0.2519609297475259,
            0.9677374075030697,
            0.0,
            0.0,
            0.0,
            0.0,
            1.0,
            0.0,
            0.04953518363962593,
            0.11395575252113341,
            0.0,
            1.0
        ],
        [
            0.96542074127133,
            -0.2606967439825739,
            0.0,
            0.0,
            0.2606967439825739,
            0.96542074127133,
            0.0,
            0.0,
            0.0,
            0.0,
            1.0,
            0.0,
            0.04973732060211623,
            0.1139827494813565,
            0.0,
            1.0
        ],
        [
            0.9586753352148295,
            -0.2845023754746775,
            0.0,
            0.0,
            0.2845023754746775,
            0.9586753352148295,
            0.0,
            0.0,
            0.0,
            0.0,
            1.0,
            0.0,
            0.04992210069571169,
            0.11392391954736371,
            0.0,
            1.0
        ],
        [
            0.9477273235536209,
            -0.3190813692303116,
            0.0,
            0.0,
            0.3190813692303116,
            0.9477273235536209,
            0.0,
            0.0,
            0.0,
            0.0,
            1.0,
            0.0,
            0.04992930804073077,
            0.11490595372513926,
            0.0,
            1.0
        ],
        [
            0.9354337059975532,
            -0.3535021664483591,
            0.0,
            0.0,
            0.3535021664483591,
            0.9354337059975532,
            0.0,
            0.0,
            0.0,
            0.0,
            1.0,
            0.0,
            0.050657849265681676,
            0.11593974666341018,
            0.0,
            1.0
        ],
        [
            0.9219449727800043,
            -0.3873208839782295,
            0.0,
            0.0,
            0.3873208839782295,
            0.9219449727800043,
            0.0,
            0.0,
            0.0,
            0.0,
            1.0,
            0.0,
            0.05243206890775333,
            0.1160452830799999,
            0.0,
            1.0
        ],
        [
            0.9056975997453628,
            -0.4239243538834359,
            0.0,
            0.0,
            0.4239243538834359,
            0.9056975997453628,
            0.0,
            0.0,
            0.0,
            0.0,
            1.0,
            0.0,
            0.0543876976619217,
            0.11577215446112366,
            0.0,
            1.0
        ],
        [
            0.8849718009824724,
            -0.465644619281528,
            0.0,
            0.0,
            0.465644619281528,
            0.8849718009824724,
            0.0,
            0.0,
            0.0,
            0.0,
            1.0,
            0.0,
            0.056044394872194196,
            0.11811801078679712,
            0.0,
            1.0
        ],
        [
            0.8640962896196029,
            -0.5033265364210746,
            0.0,
            0.0,
            0.5033265364210746,
            0.8640962896196029,
            0.0,
            0.0,
            0.0,
            0.0,
            1.0,
            0.0,
            0.05776844689881936,
            0.12084222998294379,
            0.0,
            1.0
        ],
        [
            0.8451667003672195,
            -0.5345028050350966,
            0.0,
            0.0,
            0.5345028050350966,
            0.8451667003672195,
            0.0,
            0.0,
            0.0,
            0.0,
            1.0,
            0.0,
            0.05939574020779625,
            0.12317898586606287,
            0.0,
            1.0
        ],
        [
            0.8285575601219477,
            -0.5599038931502129,
            0.0,
            0.0,
            0.5599038931502129,
            0.8285575601219477,
            0.0,
            0.0,
            0.0,
            0.0,
            1.0,
            0.0,
            0.06082698192700003,
            0.1250051458894392,
            0.0,
            1.0
        ],
        [
            0.8144827527083701,
            -0.5801877674861785,
            0.0,
            0.0,
            0.5801877674861785,
            0.8144827527083701,
            0.0,
            0.0,
            0.0,
            0.0,
