{
    "2094072141528": [
        [
            0.9393727128473789,
            -0.34289780745545134,
            0.0,
            0.0,
            0.34289780745545134,
            0.9393727128473789,
            0.0,
            0.0,
            0.0,
            0.0,
            1.0,
            0.0,
            -0.046147353700281446,
            0.1577315944770336,
            0.0,
            1.0
        ],
        [
            0.9395341898873125,
            -0.3424551153549781,
            0.0,
            0.0,
            0.3424551153549781,
            0.9395341898873125,
            0.0,
            0.0,
            0.0,
            0.0,
            1.0,
            0.0,
            -0.045460399398939436,
            0.1570502565107253,
            0.0,
            1.0
        ],
        [
            0.9400372337685164,
            -0.34107183866281837,
            0.0,
            0.0,
            0.34107183866281837,
            0.9400372337685164,
            0.0,
            0.0,
            0.0,
            0.0,
            1.0,
            0.0,
            -0.04369953546118977,
            0.15603360875477534,
            0.0,
            1.0
        ],
        [
            0.9408809267021836,
            -0.33873748208316146,
            0.0,
            0.0,
            0.33873748208316146,
            0.9408809267021836,
            0.0,
            0.0,
            0.0,
            0.0,
            1.0,
            0.0,
            -0.04184500972994073,
            0.15517114791218656,
            0.0,
            1.0
        ],
        [
            0.9420561721522002,
            -0.3354551661697048,
            0.0,
            0.0,
            0.3354551661697048,
            0.9420561721522002,
            0.0,
            0.0,
            0.0,
            0.0,
            1.0,
            0.0,
            -0.039853040927043705,
            0.1543411884365562,
            0.0,
            1.0
        ],
        [
            0.9435499728138764,
            -0.33123020514882556,
            0.0,
            0.0,
            0.33123020514882556,
            0.9435499728138764,
            0.0,
            0.0,
            0.0,
            0.0,
            1.0,
            0.0,
            -0.03766338290015209,
            0.15335961919253224,
            0.0,
            1.0
        ],
        [
            0.9453473084981272,
            -0.3260651258803167,
            0.0,
            0.0,
            0.3260651258803167,
            0.9453473084981272,
            0.0,
            0.0,
            0.0,
            0.0,
            1.0,
            0.0,
            -0.03521236597448771,
            0.15206740528746615,
            0.0,
            1.0
        ],
        [
            0.9474360113937346,
            -0.3199453145684919,
            0.0,
            0.0,
            0.3199453145684919,
            0.9474360113937346,
            0.0,
            0.0,
            0.0,
            0.0,
            1.0,
            0.0,
            -0.032493416512821456,
            0.1505969510323782,
            0.0,
            1.0
        ],
        [
            0.9498041659688781,
            -0.31284508356079993,
            0.0,
            0.0,
            0.31284508356079993,
            0.9498041659688781,
            0.0,
            0.0,
            0.0,
            0.0,
            1.0,
            0.0,
            -0.029120743221088395,
            0.14913277937512312,
            0.0,
            1.0
        ],
        [
            0.9524170638120387,
            -0.30479786180295776,
            0.0,
            0.0,
            0.30479786180295776,
            0.9524170638120387,
            0.0,
            0.0,
            0.0,
            0.0,
            1.0,
            0.0,
            -0.024974051126343048,
            0.14699718800193395,
            0.0,
            1.0
        ],
        [
            0.9548088141799036,
            -0.29722067284152076,
            0.0,
            0.0,
            0.29722067284152076,
            0.9548088141799036,
            0.0,
            0.0,
            0.0,
            0.0,
            1.0,
            0.0,
            -0.02037954221246249,
            0.14371770907456377,
            0.0,
            1.0
        ],
        [
            0.9503299683100593,
            -0.3112441988725279,
            0.0,
            0.0,
            0.3112441988725279,
            0.9503299683100593,
            0.0,
            0.0,
            0.0,
            0.0,
            1.0,
            0.0,
            -0.019418594546941767,
            0.14308655902485573,
            0.0,
            1.0
        ],
        [
            0.9400248113501081,
            -0.34110607447859037,
            0.0,
            0.0,
            0.34110607447859037,
            0.9400248113501081,
            0.0,
            0.0,
            0.0,
            0.0,
            1.0,
            0.0,
            -0.019181341935882834,
            0.1440822802350039,
            0.0,
            1.0
        ],
        [
            0.9272283042296503,
            -0.37449655784186736,
            0.0,
            0.0,
            0.37449655784186736,
            0.9272283042296503,
            0.0,
            0.0,
            0.0,
            0.0,
            1.0,
            0.0,
            -0.018816720806886303,
            0.14518803093962696,
            0.0,
            1.0
        ],
        [
            0.911585056921904,
            -0.41111152257834993,
            0.0,
            0.0,
            0.41111152257834993,
            0.911585056921904,
            0.0,
            0.0,
            0.0,
            0.0,
            1.0,
            0.0,
            -0.018261565225905475,
            0.14608584409655725,
            0.0,
            1.0
        ],
        [
            0.8925922741808544,
            -0.4508647602914321,
            0.0,
            0.0,
            0.4508647602914321,
            0.8925922741808544,
            0.0,
            0.0,
            0.0,
            0.0,
            1.0,
            0.0,
            -0.017345540457561856,
            0.14742983374762944,
            0.0,
            1.0
        ],
        [
            0.8724357915050669,
            -0.4887287485926396,
            0.0,
            0.0,
            0.4887287485926396,
            0.8724357915050669,
            0.0,
            0.0,
            0.0,
            0.0,
            1.0,
            0.0,
            -0.015728068901063038,
            0.15008399466530742,
            0.0,
            1.0
        ],
        [
            0.853331634756977,
            -0.5213685079892965,
            0.0,
            0.0,
            0.5213685079892965,
            0.853331634756977,
            0.0,
            0.0,
            0.0,
            0.0,
            1.0,
            0.0,
            -0.014224364364592955,
            0.15223366635562832,
            0.0,
            1.0
        ],
        [
            0.8360778663077083,
            -0.5486107923385666,
            0.0,
            0.0,
            0.5486107923385666,
            0.8360778663077083,
            0.0,
            0.0,
            0.0,
            0.0,
            1.0,
            0.0,
            -0.01286543096717637,
            0.15401490455087136,
            0.0,
            1.0
        ],
        [
            0.8209487346424477,
            -0.5710019046281405,
            0.0,
            0.0,
            0.5710019046281405,
            0.8209487346424477,
            0.0,
            0.0,
            0.0,
            0.0,
            1.0,
            0.0,
            -0.01161263539671671,
            0.1555620265056527,
            0.0,
            1.0
        ],
        [
            0.8080337692450631,
            -0.5891361708125008,
            0.0,
            0.0,
            0.5891361708125008,
            0.8080337692450631,
            0.0,
            0.0,
            0.0,
            0.0,
            1.0,
            0.0,
            -0.010518879490091197,
            0.1567773460128168,
            0.0,
            1.0
        ],
        [
            0.7973917079531625,
            -0.6034620651603035,
            0.0,
            0.0,
            0.6034620651603035,
            0.7973917079531625,
            0.0,
            0.0,
            0.0,
            0.0,
            1.0,
            0.0,
            -0.00961503513382243,
            0.15766061417967642,
            0.0,
            1.0
        ],
        [
            0.7891004493352276,
            -0.6142641783947212,
            0.0,
            0.0,
            0.6142641783947212,
            0.7891004493352276,
            0.0,
            0.0,
            0.0,
            0.0,
            1.0,
            0.0,
            -0.008866929055670224,
            0.15833859724306804,
            0.0,
            1.0
        ],
        [
            0.7831856597689515,
            -0.6217879239196208,
            0.0,
            0.0,
            0.6217879239196208,
            0.7831856597689515,
            0.0,
            0.0,
            0.0,
            0.0,
            1.0,
            0.0,
            -0.008265521352585362,
            0.1588258582536357,
            0.0,
            1.0
        ],
        [
            0.780725518106859,
            -0.6248741196247263,
            0.0,
            0.0,
            0.6248741196247263,
            0.780725518106859,
            0.0,
            0.0,
            0.0,
            0.0,
            1.0,
            0.0,
            -0.007896518737440504,
            0.15895906904259238,
            0.0,
            1.0
        ],
        [
            0.7854467295411449,
            -0.618929264983584,
            0.0,
            0.0,
            0.618929264983584,
            0.7854467295411449,
            0.0,
            0.0,
            0.0,
            0.0,
            1.0,
            0.0,
            -0.008038707526363579,
            0.15843013757540134,
            0.0,
            1.0
        ],
        [
            0.7950193200049882,
            -0.6065841086105094,
            0.0,
            0.0,
            0.6065841086105094,
            0.7950193200049882,
            0.0,
            0.0,
            0.0,
            0.0,
            1.0,
            0.0,
            -0.00853340471447015,
            0.1575004939834263,
            0.0,
            1.0
        ],
        [
            0.8075258608175981,
            -0.5898321660530198,
            0.0,
            0.0,
            0.5898321660530198,
            0.8075258608175981,
            0.0,
            0.0,
            0.0,
            0.0,
            1.0,
            0.0,
            -0.009232199412470797,
            0.1562716927505068,
            0.0,
            1.0
        ],
        [
            0.8225139172005204,
            -0.5687449832846488,
            0.0,
            0.0,
            0.5687449832846488,
            0.8225139172005204,
            0.0,
            0.0,
            0.0,
            0.0,
            1.0,
            0.0,
            -0.010115450206838995,
            0.15471376465067047,
            0.0,
            1.0
        ],
        [
            0.8396611819383202,
            -0.5431105776413706,
            0.0,
            0.0,
            0.5431105776413706,
            0.8396611819383202,
            0.0,
            0.0,
            0.0,
            0.0,
            1.0,
            0.0,
            -0.011064876960416319,
            0.1529012521242037,
            0.0,
            1.0
        ],
        [
            0.8571807901415405,
            -0.5150156240468092,
            0.0,
            0.0,
            0.5150156240468092,
            0.8571807901415405,
            0.0,
            0.0,
            0.0,
            0.0,
            1.0,
            0.0,
            -0.011265729129059904,
            0.15120291614815615,
            0.0,
            1.0
        ],
        [
            0.8742672701062991,
            -0.48544488916959405,
            0.0,
            0.0,
            0.48544488916959405,
            0.8742672701062991,
            0.0,
            0.0,
            0.0,
            0.0,
            1.0,
            0.0,
            -0.010753828367104205,
            0.14944271528056302,
            0.0,
            1.0
        ],
        [
            0.8908095942203573,
            -0.45437678950950194,
            0.0,
            0.0,
            0.45437678950950194,
            0.8908095942203573,
            0.0,
            0.0,
            0.0,
            0.0,
            1.0,
            0.0,
            -0.009545710752243886,
            0.14743983592706925,
            0.0,
            1.0
        ],
        [
            0.9066873946500473,
            -0.42180323420133853,
            0.0,
            0.0,
            0.42180323420133853,
            0.9066873946500473,
            0.0,
            0.0,
            0.0,
            0.0,
            1.0,
            0.0,
            -0.007576257149796739,
            0.1451248490487066,
            0.0,
            1.0
        ],
        [
            0.921772504614561,
            -0.3877311565203384,
            0.0,
            0.0,
            0.3877311565203384,
            0.921772504614561,
            0.0,
            0.0,
            0.0,
            0.0,
            1.0,
            0.0,
            -0.004770422772432857,
            0.14231094296553531,
            0.0,
            1.0
        ],
        [
            0.9359294268209295,
            -0.35218760343124866,
            0.0,
            0.0,
            0.35218760343124866,
            0.9359294268209295,
            0.0,
            0.0,
            0.0,
            0.0,
            1.0,
            0.0,
            -0.0010696981785399042,
            0.13868613426530427,
            0.0,
            1.0
        ],
        [
            0.9488577173198129,
            -0.3157040263959806,
            0.0,
            0.0,
            0.3157040263959806,
            0.9488577173198129,
            0.0,
            0.0,
            0.0,
            0.0,
            1.0,
            0.0,
            0.0033861997961563157,
            0.1338688909734285,
            0.0,
            1.0
        ],
        [
            0.954365083208839,
            -0.2986424081603046,
            0.0,
            0.0,
            0.2986424081603046,
            0.954365083208839,
            0.0,
            0.0,
            0.0,
            0.0,
            1.0,
            0.0,
            0.004808342642982395,
            0.13279589293975091,
            0.0,
            1.0
        ],
        [
            0.9531667805708074,
            -0.30244518249805585,
            0.0,
            0.0,
            0.30244518249805585,
            0.9531667805708074,
            0.0,
            0.0,
            0.0,
            0.0,
            1.0,
            0.0,
            0.0050443598815586655,
            0.13283119671313667,
            0.0,
            1.0
        ],
        [
            0.9478663585206212,
            -0.3186681132226086,
            0.0,
            0.0,
            0.3186681132226086,
            0.9478663585206212,
            0.0,
            0.0,
            0.0,
            0.0,
            1.0,
            0.0,
            0.005278161012311057,
            0.13316793517075237,
            0.0,
            1.0
        ],
        [
            0.9407304014114314,
            -0.339155291658979,
            0.0,
            0.0,
            0.339155291658979,
            0.9407304014114314,
            0.0,
            0.0,
            0.0,
            0.0,
            1.0,
            0.0,
            0.005480637079615091,
            0.13362038691678715,
            0.0,
            1.0
        ],
        [
            0.9319016478747565,
            -0.3627110677775264,
            0.0,
            0.0,
            0.3627110677775264,
            0.9319016478747565,
            0.0,
            0.0,
            0.0,
            0.0,
            1.0,
            0.0,
            0.0060715927129991465,
            0.1341092248405622,
            0.0,
            1.0
        ],
        [
            0.920624310685424,
            -0.3904495851899292,
            0.0,
            0.0,
            0.3904495851899292,
            0.920624310685424,
            0.0,
            0.0,
            0.0,
            0.0,
            1.0,
            0.0,
            0.006776954739652549,
            0.1347470390283699,
            0.0,
            1.0
        ],
        [
            0.9062085972225856,
            -0.4228309098444361,
            0.0,
            0.0,
            0.4228309098444361,
            0.9062085972225856,
            0.0,
            0.0,
            0.0,
            0.0,
            1.0,
            0.0,
            0.007414774263976983,
            0.1354920515200387,
            0.0,
            1.0
        ],
        [
            0.8887860308744809,
            -0.4583223661598746,
            0.0,
            0.0,
            0.4583223661598746,
            0.8887860308744809,
            0.0,
            0.0,
            0.0,
            0.0,
            1.0,
            0.0,
            0.00840509620534755,
            0.137166357567434,
            0.0,
            1.0
        ],
        [
            0.8716345139632535,
            -0.490156377157375,
            0.0,
            0.0,
            0.490156377157375,
            0.8716345139632535,
            0.0,
            0.0,
            0.0,
            0.0,
            1.0,
            0.0,
            0.009795071207188179,
            0.13936851210874163,
            0.0,
            1.0
        ],
        [
            0.8563711369805576,
            -0.5163607999709381,
            0.0,
            0.0,
            0.5163607999709381,
            0.8563711369805576,
            0.0,
            0.0,
            0.0,
            0.0,
            1.0,
            0.0,
            0.011038855827600471,
            0.14111942409431588,
            0.0,
            1.0
        ],
        [
            0.8433965160524476,
            -0.5372916495820436,
            0.0,
            0.0,
            0.5372916495820436,
            0.8433965160524476,
            0.0,
            0.0,
            0.0,
            0.0,
            1.0,
            0.0,
            0.012106165412687653,
            0.14247813337037657,
            0.0,
            1.0
        ],
        [
            0.8328898484694587,
            -0.5534387954566631,
            0.0,
            0.0,
            0.5534387954566631,
            0.8328898484694587,
            0.0,
            0.0,
            0.0,
            0.0,
            1.0,
            0.0,
            0.013017531243894964,
            0.14354995236316753,
            0.0,
            1.0
        ],
        [
            0.8249512352175996,
            -0.5652039096759298,
            0.0,
            0.0,
            0.5652039096759298,
            0.8249512352175996,
            0.0,
            0.0,
            0.0,
            0.0,
            1.0,
            0.0,
            0.013755748082459981,
            0.14431965966383453,
            0.0,
            1.0
        ],
        [
            0.8196308443135513,
            -0.5728920308835297,
            0.0,
            0.0,
            0.5728920308835297,
            0.8196308443135513,
            0.0,
            0.0,
            0.0,
            0.0,
            1.0,
            0.0,
            0.014296722483681329,
            0.14476859263343192,
            0.0,
            1.0
        ],
        [
            0.8169784585092801,
            -0.5766681873762419,
            0.0,
            0.0,
            0.5766681873762419,
            0.8169784585092801,
            0.0,
            0.0,
            0.0,
            0.0,
            1.0,
            0.0,
            0.014649172159659767,
            0.14494961334220885,
            0.0,
            1.0
        ],
        [
            0.8170332675860853,
            -0.5765905303225195,
            0.0,
            0.0,
            0.5765905303225195,
            0.8170332675860853,
            0.0,
            0.0,
            0.0,
            0.0,
            1.0,
            0.0,
            0.01482329938559673,
            0.14488596487449706,
            0.0,
            1.0
        ],
        [
            0.8212180834542999,
            -0.5706144577625478,
            0.0,
            0.0,
            0.5706144577625478,
            0.8212180834542999,
            0.0,
            0.0,
            0.0,
            0.0,
            1.0,
            0.0,
            0.014732061224788876,
            0.1443934619513027,
            0.0,
            1.0
        ],
        [
            0.8322445996111018,
            -0.5544086276548705,
            0.0,
            0.0,
            0.5544086276548705,
            0.8322445996111018,
            0.0,
            0.0,
            0.0,
            0.0,
            1.0,
            0.0,
            0.014150123645069883,
            0.14316028011573106,
            0.0,
            1.0
        ],
        [
            0.8474166539939362,
            -0.5309284457756256,
            0.0,
            0.0,
            0.5309284457756256,
            0.8474166539939362,
            0.0,
            0.0,
            0.0,
            0.0,
            1.0,
            0.0,
            0.013277156577142865,
            0.14145538037752395,
            0.0,
            1.0
        ],
        [
            0.8641134478878975,
            -0.5032970784529648,
            0.0,
            0.0,
            0.5032970784529648,
            0.8641134478878975,
            0.0,
            0.0,
            0.0,
            0.0,
            1.0,
            0.0,
            0.013088265524760887,
            0.13969028349484078,
            0.0,
            1.0
        ],
        [
            0.8806819815459754,
            -0.4737079769016499,
            0.0,
            0.0,
            0.4737079769016499,
            0.8806819815459754,
            0.0,
            0.0,
            0.0,
            0.0,
            1.0,
            0.0,
            0.013675366195558177,
            0.13796761457609513,
            0.0,
            1.0
        ],
        [
            0.8967249153957761,
            -0.4425883257706173,
            0.0,
            0.0,
            0.4425883257706173,
            0.8967249153957761,
            0.0,
            0.0,
            0.0,
            0.0,
            1.0,
            0.0,
            0.014774483233113339,
            0.1361013655849843,
            0.0,
            1.0
        ],
        [
            0.9120920506977264,
            -0.4099854766379124,
            0.0,
            0.0,
            0.4099854766379124,
            0.9120920506977264,
            0.0,
            0.0,
            0.0,
            0.0,
            1.0,
            0.0,
            0.01642792257774904,
            0.1340506786092064,
            0.0,
            1.0
        ],
        [
            0.9266602743344445,
            -0.37589990153019726,
            0.0,
            0.0,
            0.37589990153019726,
            0.9266602743344445,
            0.0,
            0.0,
            0.0,
            0.0,
            1.0,
            0.0,
            0.01872551543571189,
            0.13172199257892403,
            0.0,
            1.0
        ],
        [
            0.9402996498862856,
            -0.34034771693626625,
            0.0,
            0.0,
            0.34034771693626625,
            0.9402996498862856,
            0.0,
            0.0,
            0.0,
            0.0,
            1.0,
            0.0,
            0.021772869398471943,
            0.12894516593271158,
            0.0,
            1.0
        ],
        [
            0.9528742066178307,
            -0.3033656974056883,
            0.0,
            0.0,
            0.3033656974056883,
            0.9528742066178307,
            0.0,
            0.0,
            0.0,
            0.0,
            1.0,
            0.0,
            0.02566150367563859,
            0.1254315763215007,
            0.0,
            1.0
        ],
        [
            0.9631590533899175,
            -0.26893240391042167,
            0.0,
            0.0,
            0.26893240391042167,
            0.9631590533899175,
            0.0,
            0.0,
            0.0,
            0.0,
            1.0,
            0.0,
            0.02961966228962298,
            0.12255705547053546,
            0.0,
            1.0
        ],
        [
            0.9663067579791798,
            -0.25739318072506673,
            0.0,
            0.0,
            0.25739318072506673,
            0.9663067579791798,
            0.0,
            0.0,
            0.0,
            0.0,
            1.0,
            0.0,
            0.029970291299655706,
            0.12237377378399053,
            0.0,
            1.0
        ],
        [
            0.9642954220130432,
            -0.2648288864242097,
            0.0,
            0.0,
            0.2648288864242097,
            0.9642954220130432,
            0.0,
            0.0,
            0.0,
            0.0,
            1.0,
            0.0,
            0.03009286490934845,
            0.12219418624002208,
            0.0,
            1.0
        ],
        [
            0.9579940527160051,
            -0.28678806628024817,
            0.0,
            0.0,
            0.28678806628024817,
            0.9579940527160051,
            0.0,
            0.0,
            0.0,
            0.0,
            1.0,
            0.0,
            0.030263394861437577,
            0.12216500246346317,
            0.0,
            1.0
        ],
        [
            0.9481871853631624,
            -0.3177122306633537,
            0.0,
            0.0,
            0.3177122306633537,
            0.9481871853631624,
            0.0,
            0.0,
            0.0,
            0.0,
            1.0,
            0.0,
            0.030359278094075626,
            0.1232365889813158,
            0.0,
            1.0
        ],
        [
            0.9373305788100087,
            -0.34844136669989995,
            0.0,
            0.0,
            0.34844136669989995,
            0.9373305788100087,
            0.0,
            0.0,
            0.0,
            0.0,
            1.0,
            0.0,
            0.031108561932040917,
            0.12385377091883772,
            0.0,
            1.0
        ],
        [
            0.9250625140027235,
            -0.37981488278760345,
            0.0,
            0.0,
            0.37981488278760345,
            0.9250625140027235,
            0.0,
            0.0,
            0.0,
            0.0,
            1.0,
            0.0,
            0.03263085521835626,
            0.1237961878234731,
            0.0,
            1.0
        ],
        [
            0.909550614349151,
            -0.41559316637437876,
            0.0,
            0.0,
            0.41559316637437876,
            0.909550614349151,
            0.0,
            0.0,
            0.0,
            0.0,
            1.0,
            0.0,
            0.03409053259234711,
            0.12392793500847922,
            0.0,
            1.0
        ],
        [
            0.8894525549543119,
            -0.4570275183019584,
            0.0,
            0.0,
            0.4570275183019584,
            0.8894525549543119,
            0.0,
            0.0,
            0.0,
            0.0,
            1.0,
            0.0,
            0.03535008871071008,
            0.12573556699021815,
            0.0,
            1.0
        ],
        [
            0.8684125701048295,
            -0.49584232179587556,
            0.0,
            0.0,
            0.49584232179587556,
            0.8684125701048295,
            0.0,
            0.0,
            0.0,
            0.0,
            1.0,
            0.0,
            0.036978091021091425,
            0.12833472642821525,
            0.0,
            1.0
        ],
        [
            0.8487095418831191,
            -0.5288592568127614,
            0.0,
            0.0,
            0.5288592568127614,
            0.8487095418831191,
            0.0,
            0.0,
            0.0,
            0.0,
            1.0,
            0.0,
            0.03852096947205091,
            0.1305583575409958,
            0.0,
            1.0
        ],
        [
            0.8308534263868367,
            -0.5564913151714529,
            0.0,
            0.0,
            0.5564913151714529,
            0.8308534263868367,
            0.0,
            0.0,
            0.0,
            0.0,
            1.0,
            0.0,
            0.03995754695399516,
            0.13245450782917084,
            0.0,
            1.0
        ],
        [
            0.8150021249827695,
            -0.579457967650433,
            0.0,
            0.0,
            0.579457967650433,
            0.8150021249827695,
            0.0,
            0.0,
            0.0,
            0.0,
            1.0,
            0.0,
            0.04124424697344025,
            0.13398801862424936,
            0.0,
            1.0
        ],
        [
            0.801280569289795,
            -0.5982887674682036,
            0.0,
            0.0,
            0.5982887674682036,
            0.801280569289795,
            0.0,
            0.0,
            0.0,
            0.0,
            1.0,
            0.0,
            0.042367313318118584,
            0.13520614162098302,
            0.0,
            1.0
        ],
        [
            0.7897792821088898,
            -0.6133911358599556,
            0.0,
            0.0,
            0.6133911358599556,
            0.7897792821088898,
            0.0,
            0.0,
            0.0,
            0.0,
            1.0,
            0.0,
            0.04334575727330504,
            0.13619676510596823,
            0.0,
            1.0
        ],
        [
            0.7805226092145319,
            -0.6251275521883027,
            0.0,
            0.0,
            0.6251275521883027,
            0.7805226092145319,
            0.0,
            0.0,
            0.0,
            0.0,
            1.0,
            0.0,
            0.044174694661778355,
            0.13696216935852928,
            0.0,
            1.0
        ],
        [
            0.773731959225345,
            -0.6335131058417884,
            0.0,
            0.0,
            0.6335131058417884,
            0.773731959225345,
            0.0,
            0.0,
            0.0,
            0.0,
            1.0,
            0.0,
            0.0448283096158241,
            0.1374661135359841,
            0.0,
            1.0
        ],
        [
            0.7729690825014846,
            -0.6344436913523636,
            0.0,
            0.0,
            0.6344436913523636,
            0.7729690825014846,
            0.0,
            0.0,
            0.0,
            0.0,
            1.0,
            0.0,
            0.04508466386832101,
            0.13743162720240532,
            0.0,
            1.0
        ],
        [
            0.7786254420715186,
            -0.6274889807470184,
            0.0,
            0.0,
            0.6274889807470184,
            0.7786254420715186,
            0.0,
            0.0,
            0.0,
            0.0,
            1.0,
            0.0,
            0.04487197853653008,
            0.13687514629786524,
            0.0,
            1.0
        ],
        [
            0.7876670624632885,
            -0.6161011270160557,
            0.0,
            0.0,
            0.6161011270160557,
            0.7876670624632885,
            0.0,
            0.0,
            0.0,
            0.0,
            1.0,
            0.0,
            0.04441226470666151,
            0.13601149413166636,
            0.0,
            1.0
        ],
        [
            0.7993748083206061,
            -0.6008326853812084,
            0.0,
            0.0,
            0.6008326853812084,
            0.7993748083206061,
            0.0,
            0.0,
            0.0,
            0.0,
            1.0,
            0.0,
            0.04375799981333839,
            0.1348633873761702,
            0.0,
            1.0
        ],
        [
            0.8135459803156018,
            -0.5815005914978303,
            0.0,
            0.0,
            0.5815005914978303,
            0.8135459803156018,
            0.0,
            0.0,
            0.0,
            0.0,
            1.0,
            0.0,
            0.04293234389855179,
            0.13343814316027908,
            0.0,
            1.0
        ],
        [
            0.82998828478898,
            -0.5577808235436631,
            0.0,
            0.0,
            0.5577808235436631,
            0.82998828478898,
            0.0,
            0.0,
            0.0,
            0.0,
            1.0,
            0.0,
            0.04195375887900379,
            0.1317157554124908,
            0.0,
            1.0
        ],
        [
            0.8477437333151197,
            -0.530406035622657,
            0.0,
            0.0,
            0.530406035622657,
            0.8477437333151197,
            0.0,
            0.0,
            0.0,
            0.0,
            1.0,
            0.0,
            0.041291016688435205,
            0.1299302418996523,
            0.0,
            1.0
        ],
        [
            0.8651630298194557,
            -0.501490709618453,
            0.0,
            0.0,
            0.501490709618453,
            0.8651630298194557,
            0.0,
            0.0,
            0.0,
            0.0,
            1.0,
            0.0,
            0.04139648969710978,
            0.1282760711549924,
            0.0,
            1.0
        ],
        [
            0.8820910596586602,
            -0.47107893443696036,
            0.0,
            0.0,
            0.47107893443696036,
            0.8820910596586602,
            0.0,
            0.0,
            0.0,
            0.0,
            1.0,
            0.0,
            0.04223184122887139,
            0.12640164369885137,
            0.0,
            1.0
        ],
        [
            0.8984091359075594,
            -0.4391594522697108,
            0.0,
            0.0,
            0.4391594522697108,
            0.8984091359075594,
            0.0,
            0.0,
            0.0,
            0.0,
            1.0,
            0.0,
            0.04382414259196397,
            0.1242288522060023,
            0.0,
            1.0
        ],
        [
            0.9139920241879016,
            -0.40573215268314916,
            0.0,
            0.0,
            0.40573215268314916,
            0.9139920241879016,
            0.0,
            0.0,
            0.0,
            0.0,
            1.0,
            0.0,
            0.04623837859640795,
            0.12162081095273292,
            0.0,
            1.0
        ],
        [
            0.9287073593344575,
            -0.37081348508113743,
            0.0,
            0.0,
            0.37081348508113743,
            0.9287073593344575,
            0.0,
            0.0,
            0.0,
            0.0,
            1.0,
            0.0,
            0.04954821999008986,
            0.11833906846182404,
            0.0,
            1.0
        ],
        [
            0.9424089488406696,
            -0.3344628127984099,
            0.0,
            0.0,
            0.3344628127984099,
            0.9424089488406696,
            0.0,
            0.0,
            0.0,
            0.0,
            1.0,
            0.0,
            0.053759630563884206,
            0.11397515098993441,
            0.0,
            1.0
        ],
        [
            0.9518840318061496,
            -0.3064584637311708,
            0.0,
            0.0,
            0.3064584637311708,
            0.9518840318061496,
            0.0,
            0.0,
            0.0,
            0.0,
            1.0,
            0.0,
            0.056970190823192435,
            0.11108244377839652,
            0.0,
            1.0
        ],
        [
            0.9527940006818411,
            -0.3036175098124149,
            0.0,
            0.0,
            0.3036175098124149,
            0.9527940006818411,
            0.0,
            0.0,
            0.0,
            0.0,
            1.0,
            0.0,
            0.05717404724135974,
            0.11086923920837616,
            0.0,
            1.0
        ],
        [
            0.9490318089744237,
            -0.31518030641956807,
            0.0,
            0.0,
            0.31518030641956807,
            0.9490318089744237,
            0.0,
            0.0,
            0.0,
            0.0,
            1.0,
            0.0,
            0.057310277666124246,
            0.11079191896844705,
            0.0,
            1.0
        ],
        [
            0.9427309582171461,
            -0.33355410418548503,
            0.0,
            0.0,
            0.33355410418548503,
            0.9427309582171461,
            0.0,
            0.0,
            0.0,
            0.0,
            1.0,
            0.0,
            0.057510144968868276,
            0.11150860719642688,
            0.0,
            1.0
        ],
        [
            0.9348582466958946,
            -0.355021208640664,
            0.0,
            0.0,
            0.355021208640664,
            0.9348582466958946,
            0.0,
            0.0,
            0.0,
            0.0,
            1.0,
            0.0,
            0.0579713014066897,
            0.11196771206458656,
            0.0,
            1.0
        ],
        [
            0.9247842286114829,
            -0.3804919585371872,
            0.0,
            0.0,
            0.3804919585371872,
            0.9247842286114829,
            0.0,
            0.0,
            0.0,
            0.0,
            1.0,
            0.0,
            0.05850725625310644,
            0.11241342120282799,
            0.0,
            1.0
        ],
        [
            0.9118774175096347,
            -0.4104626358585631,
            0.0,
            0.0,
            0.4104626358585631,
            0.9118774175096347,
            0.0,
            0.0,
            0.0,
            0.0,
            1.0,
            0.0,
            0.05911971349454056,
            0.1131782914565917,
            0.0,
            1.0
        ],
        [
            0.8956973246424196,
            -0.4446642583212777,
            0.0,
            0.0,
            0.4446642583212777,
            0.8956973246424196,
            0.0,
            0.0,
            0.0,
            0.0,
            1.0,
            0.0,
            0.05986043098341351,
            0.11434501505636202,
            0.0,
            1.0
        ],
        [
            0.8785243623801477,
            -0.47769754521512336,
            0.0,
            0.0,
            0.47769754521512336,
            0.8785243623801477,
            0.0,
            0.0,
            0.0,
            0.0,
            1.0,
            0.0,
            0.061189084364580884,
            0.11651679334398657,
            0.0,
            1.0
        ],
        [
            0.8629359555879841,
            -0.5053133053398186,
            0.0,
            0.0,
            0.5053133053398186,
            0.8629359555879841,
            0.0,
            0.0,
            0.0,
            0.0,
            1.0,
            0.0,
            0.06244987495747226,
            0.11837888393710229,
            0.0,
            1.0
        ],
        [
            0.8496279415689146,
            -0.5273825565046392,
            0.0,
            0.0,
            0.5273825565046392,
            0.8496279415689146,
            0.0,
            0.0,
            0.0,
