{
    "1418224650168": [
        [
            0.9393727128473789,
            -0.34289780745545134,
            0.0,
            0.0,
            0.34289780745545134,
            0.9393727128473789,
            0.0,
            0.0,
            0.0,
            0.0,
            1.0,
            0.0,
            -0.046147353700281446,
            0.1577315944770336,
            0.0,
            1.0
        ],
        [
            0.9395341898873124,
            -0.3424551153549785,
            0.0,
            0.0,
            0.3424551153549785,
            0.9395341898873124,
            0.0,
            0.0,
            0.0,
            0.0,
            1.0,
            0.0,
            -0.04546039939893722,
            0.15705025651072013,
            0.0,
            1.0
        ],
        [
            0.9400372337750295,
            -0.34107183864486756,
            0.0,
            0.0,
            0.34107183864486756,
            0.9400372337750295,
            0.0,
            0.0,
            0.0,
            0.0,
            1.0,
            0.0,
            -0.04369953540920679,
            0.1560336090410084,
            0.0,
            1.0
        ],
        [
            0.9408809273935758,
            -0.3387374801627433,
            0.0,
            0.0,
            0.3387374801627433,
            0.9408809273935758,
            0.0,
            0.0,
            0.0,
            0.0,
            1.0,
            0.0,
            -0.041845028644276167,
            0.15517113674467156,
            0.0,
            1.0
        ],
        [
            0.9420561726759562,
            -0.3354551646988447,
            0.0,
            0.0,
            0.3354551646988447,
            0.9420561726759562,
            0.0,
            0.0,
            0.0,
            0.0,
            1.0,
            0.0,
            -0.03985310945927457,
            0.15434119494487503,
            0.0,
            1.0
        ],
        [
            0.9435499722051945,
            -0.33123020688273064,
            0.0,
            0.0,
            0.33123020688273064,
            0.9435499722051945,
            0.0,
            0.0,
            0.0,
            0.0,
            1.0,
            0.0,
            -0.037663500091354135,
            0.15335959914559102,
            0.0,
            1.0
        ],
        [
            0.9453473065950312,
            -0.3260651313978852,
            0.0,
            0.0,
            0.3260651313978852,
            0.9453473065950312,
            0.0,
            0.0,
            0.0,
            0.0,
            1.0,
            0.0,
            -0.03521254188205149,
            0.1520673539263522,
            0.0,
            1.0
        ],
        [
            0.9474360110744856,
            -0.3199453155138659,
            0.0,
            0.0,
            0.3199453155138659,
            0.9474360110744856,
            0.0,
            0.0,
            0.0,
            0.0,
            1.0,
            0.0,
            -0.032493656726163604,
            0.1505970106309235,
            0.0,
            1.0
        ],
        [
            0.949804168153419,
            -0.3128450769284884,
            0.0,
            0.0,
            0.3128450769284884,
            0.949804168153419,
            0.0,
            0.0,
            0.0,
            0.0,
            1.0,
            0.0,
            -0.029120942885492114,
            0.14913296429737635,
            0.0,
            1.0
        ],
        [
            0.9524170647324933,
            -0.3047978589267676,
            0.0,
            0.0,
            0.3047978589267676,
            0.9524170647324933,
            0.0,
            0.0,
            0.0,
            0.0,
            1.0,
            0.0,
            -0.02497426247173119,
            0.14699732811440402,
            0.0,
            1.0
        ],
        [
            0.9548088067746223,
            -0.2972206966306721,
            0.0,
            0.0,
            0.2972206966306721,
            0.9548088067746223,
            0.0,
            0.0,
            0.0,
            0.0,
            1.0,
            0.0,
            -0.02037979409059619,
            0.14371774012477556,
            0.0,
            1.0
        ],
        [
            0.9503297552915949,
            -0.31124484928656637,
            0.0,
            0.0,
            0.31124484928656637,
            0.9503297552915949,
            0.0,
            0.0,
            0.0,
            0.0,
            1.0,
            0.0,
            -0.01941905675002977,
            0.143086740556243,
            0.0,
            1.0
        ],
        [
            0.9400245231408931,
            -0.3411068687284624,
            0.0,
            0.0,
            0.3411068687284624,
            0.9400245231408931,
            0.0,
            0.0,
            0.0,
            0.0,
            1.0,
            0.0,
            -0.019181769238726533,
            0.1440825387495868,
            0.0,
            1.0
        ],
        [
            0.9272279611565906,
            -0.37449740726658204,
            0.0,
            0.0,
            0.37449740726658204,
            0.9272279611565906,
            0.0,
            0.0,
            0.0,
            0.0,
            1.0,
            0.0,
            -0.018817171500421823,
            0.1451882235181027,
            0.0,
            1.0
        ],
        [
            0.9115846529004213,
            -0.41111241844101276,
            0.0,
            0.0,
            0.41111241844101276,
            0.9115846529004213,
            0.0,
            0.0,
            0.0,
            0.0,
            1.0,
            0.0,
            -0.018262020727292466,
            0.14608603615953789,
            0.0,
            1.0
        ],
        [
            0.8925918278392577,
            -0.45086564392795886,
            0.0,
            0.0,
            0.45086564392795886,
            0.8925918278392577,
            0.0,
            0.0,
            0.0,
            0.0,
            1.0,
            0.0,
            -0.017345953464168697,
            0.14743011633564126,
            0.0,
            1.0
        ],
        [
            0.872435340231271,
            -0.4887295541662551,
            0.0,
            0.0,
            0.4887295541662551,
            0.872435340231271,
            0.0,
            0.0,
            0.0,
            0.0,
            1.0,
            0.0,
            -0.01572849173404462,
            0.15008424014730448,
            0.0,
            1.0
        ],
        [
            0.8533312131550395,
            -0.5213691980308662,
            0.0,
            0.0,
            0.5213691980308662,
            0.8533312131550395,
            0.0,
            0.0,
            0.0,
            0.0,
            1.0,
            0.0,
            -0.014224803652084908,
            0.15223388489423134,
            0.0,
            1.0
        ],
        [
            0.8360775030240936,
            -0.5486113459790972,
            0.0,
            0.0,
            0.5486113459790972,
            0.8360775030240936,
            0.0,
            0.0,
            0.0,
            0.0,
            1.0,
            0.0,
            -0.012865865063979354,
            0.1540151454899264,
            0.0,
            1.0
        ],
        [
            0.8209484276304649,
            -0.57100234602939,
            0.0,
            0.0,
            0.57100234602939,
            0.8209484276304649,
            0.0,
            0.0,
            0.0,
            0.0,
            1.0,
            0.0,
            -0.011613068524932761,
            0.1555622672985821,
            0.0,
            1.0
        ],
        [
            0.8080335080897487,
            -0.5891365290017025,
            0.0,
            0.0,
            0.5891365290017025,
            0.8080335080897487,
            0.0,
            0.0,
            0.0,
            0.0,
            1.0,
            0.0,
            -0.01051932563585515,
            0.15677755654260112,
            0.0,
            1.0
        ],
        [
            0.797391501405123,
            -0.6034623380848912,
            0.0,
            0.0,
            0.6034623380848912,
            0.797391501405123,
            0.0,
            0.0,
            0.0,
            0.0,
            1.0,
            0.0,
            -0.009615488748990228,
            0.15766081952413197,
            0.0,
            1.0
        ],
        [
            0.7891003072399831,
            -0.6142643609340885,
            0.0,
            0.0,
            0.6142643609340885,
            0.7891003072399831,
            0.0,
            0.0,
            0.0,
            0.0,
            1.0,
            0.0,
            -0.00886737967805124,
            0.1583388155254643,
            0.0,
            1.0
        ],
        [
            0.7831855752472797,
            -0.6217880303806013,
            0.0,
            0.0,
            0.6217880303806013,
            0.7831855752472797,
            0.0,
            0.0,
            0.0,
            0.0,
            1.0,
            0.0,
            -0.008265976601974163,
            0.1588260657389781,
            0.0,
            1.0
        ],
        [
            0.7807255726630034,
            -0.624874051461593,
            0.0,
            0.0,
            0.624874051461593,
            0.7807255726630034,
            0.0,
            0.0,
            0.0,
            0.0,
            1.0,
            0.0,
            -0.007896988116481238,
            0.15895925198681032,
            0.0,
            1.0
        ],
        [
            0.7854469593224879,
            -0.6189289733814842,
            0.0,
            0.0,
            0.6189289733814842,
            0.7854469593224879,
            0.0,
            0.0,
            0.0,
            0.0,
            1.0,
            0.0,
            -0.008039188978422228,
            0.15843031306474756,
            0.0,
            1.0
        ],
        [
            0.79501963756988,
            -0.6065836923939322,
            0.0,
            0.0,
            0.6065836923939322,
            0.79501963756988,
            0.0,
            0.0,
            0.0,
            0.0,
            1.0,
            0.0,
            -0.00853388913522466,
            0.15750066753907677,
            0.0,
            1.0
        ],
        [
            0.8075262401778268,
            -0.5898316466791713,
            0.0,
            0.0,
            0.5898316466791713,
            0.8075262401778268,
            0.0,
            0.0,
            0.0,
            0.0,
            1.0,
            0.0,
            -0.009232691014865449,
            0.15627185092779006,
            0.0,
            1.0
        ],
        [
            0.8225143531023377,
            -0.5687443528868159,
            0.0,
            0.0,
            0.5687443528868159,
            0.8225143531023377,
            0.0,
            0.0,
            0.0,
            0.0,
            1.0,
            0.0,
            -0.010115947601590122,
            0.1547139131417941,
            0.0,
            1.0
        ],
        [
            0.839661656094404,
            -0.543109844584687,
            0.0,
            0.0,
            0.543109844584687,
            0.839661656094404,
            0.0,
            0.0,
            0.0,
            0.0,
            1.0,
            0.0,
            -0.011065361685738488,
            0.15290140639451452,
            0.0,
            1.0
        ],
        [
            0.8571812497366234,
            -0.5150148591059879,
            0.0,
            0.0,
            0.5150148591059879,
            0.8571812497366234,
            0.0,
            0.0,
            0.0,
            0.0,
            1.0,
            0.0,
            -0.011266193474109964,
            0.15120307027759441,
            0.0,
            1.0
        ],
        [
            0.8742677136080582,
            -0.4854440904394019,
            0.0,
            0.0,
            0.4854440904394019,
            0.8742677136080582,
            0.0,
            0.0,
            0.0,
            0.0,
            1.0,
            0.0,
            -0.010754275744601527,
            0.14944286120887465,
            0.0,
            1.0
        ],
        [
            0.8908100190932733,
            -0.4543759565415429,
            0.0,
            0.0,
            0.4543759565415429,
            0.8908100190932733,
            0.0,
            0.0,
            0.0,
            0.0,
            1.0,
            0.0,
            -0.009546137532474222,
            0.1474399787814351,
            0.0,
            1.0
        ],
        [
            0.9066877979496027,
            -0.4218023672874541,
            0.0,
            0.0,
            0.4218023672874541,
            0.9066877979496027,
            0.0,
            0.0,
            0.0,
            0.0,
            1.0,
            0.0,
            -0.007576661737452967,
            0.14512498311439667,
            0.0,
            1.0
        ],
        [
            0.9217728831416082,
            -0.38773025662799004,
            0.0,
            0.0,
            0.38773025662799004,
            0.9217728831416082,
            0.0,
            0.0,
            0.0,
            0.0,
            1.0,
            0.0,
            -0.004770805831238777,
            0.14231105632289057,
            0.0,
            1.0
        ],
        [
            0.9359297775135413,
            -0.3521866714733155,
            0.0,
            0.0,
            0.3521866714733155,
            0.9359297775135413,
            0.0,
            0.0,
            0.0,
            0.0,
            1.0,
            0.0,
            -0.001070057376100048,
            0.1386862213940899,
            0.0,
            1.0
        ],
        [
            0.9488580093960843,
            -0.31570314855081877,
            0.0,
            0.0,
            0.31570314855081877,
            0.9488580093960843,
            0.0,
            0.0,
            0.0,
            0.0,
            1.0,
            0.0,
            0.0033858442284019925,
            0.1338689586218196,
            0.0,
            1.0
        ],
        [
            0.9543651050261485,
            -0.29864233843919147,
            0.0,
            0.0,
            0.29864233843919147,
            0.9543651050261485,
            0.0,
            0.0,
            0.0,
            0.0,
            1.0,
            0.0,
            0.004807870164083135,
            0.13279608377093405,
            0.0,
            1.0
        ],
        [
            0.9531666698188961,
            -0.30244553153643305,
            0.0,
            0.0,
            0.30244553153643305,
            0.9531666698188961,
            0.0,
            0.0,
            0.0,
            0.0,
            1.0,
            0.0,
            0.005043902333108764,
            0.1328314176870205,
            0.0,
            1.0
        ],
        [
            0.9478661722819188,
            -0.31866866718211206,
            0.0,
            0.0,
            0.31866866718211206,
            0.9478661722819188,
            0.0,
            0.0,
            0.0,
            0.0,
            1.0,
            0.0,
            0.005277690397212417,
            0.13316813862122706,
            0.0,
            1.0
        ],
        [
            0.9407301795945948,
            -0.33915590692175973,
            0.0,
            0.0,
            0.33915590692175973,
            0.9407301795945948,
            0.0,
            0.0,
            0.0,
            0.0,
            1.0,
            0.0,
            0.005480173246168641,
            0.1336205891122209,
            0.0,
            1.0
        ],
        [
            0.9319013709555941,
            -0.36271177925604264,
            0.0,
            0.0,
            0.36271177925604264,
            0.9319013709555941,
            0.0,
            0.0,
            0.0,
            0.0,
            1.0,
            0.0,
            0.0060711441807802125,
            0.1341094489057042,
            0.0,
            1.0
        ],
        [
            0.920623956918575,
            -0.3904504193205402,
            0.0,
            0.0,
            0.3904504193205402,
            0.920623956918575,
            0.0,
            0.0,
            0.0,
            0.0,
            1.0,
            0.0,
            0.006776503293139745,
            0.13474726011943083,
            0.0,
            1.0
        ],
        [
            0.9062081510609444,
            -0.4228318660539961,
            0.0,
            0.0,
            0.4228318660539961,
            0.9062081510609444,
            0.0,
            0.0,
            0.0,
            0.0,
            1.0,
            0.0,
            0.00741431581094896,
            0.1354922677215091,
            0.0,
            1.0
        ],
        [
            0.8887855458452651,
            -0.4583233067350319,
            0.0,
            0.0,
            0.4583233067350319,
            0.8887855458452651,
            0.0,
            0.0,
            0.0,
            0.0,
            1.0,
            0.0,
            0.008404663324398697,
            0.13716662561973977,
            0.0,
            1.0
        ],
        [
            0.8716340715340996,
            -0.4901571639187661,
            0.0,
            0.0,
            0.4901571639187661,
            0.8716340715340996,
            0.0,
            0.0,
            0.0,
            0.0,
            1.0,
            0.0,
            0.009794636464831582,
            0.13936876865060369,
            0.0,
            1.0
        ],
        [
            0.8563707560473275,
            -0.5163614317383985,
            0.0,
            0.0,
            0.5163614317383985,
            0.8563707560473275,
            0.0,
            0.0,
            0.0,
            0.0,
            1.0,
            0.0,
            0.011038413418975004,
            0.14111966189144853,
            0.0,
            1.0
        ],
        [
            0.8433962055472898,
            -0.5372921369873506,
            0.0,
            0.0,
            0.5372921369873506,
            0.8433962055472898,
            0.0,
            0.0,
            0.0,
            0.0,
            1.0,
            0.0,
            0.012105718298430235,
            0.1424783636721961,
            0.0,
            1.0
        ],
        [
            0.8328896137944531,
            -0.5534391486273145,
            0.0,
            0.0,
            0.5534391486273145,
            0.8328896137944531,
            0.0,
            0.0,
            0.0,
            0.0,
            1.0,
            0.0,
            0.013017080933461867,
            0.14355017802808911,
            0.0,
            1.0
        ],
        [
            0.8249510765037549,
            -0.5652041413288618,
            0.0,
            0.0,
            0.5652041413288618,
            0.8249510765037549,
            0.0,
            0.0,
            0.0,
            0.0,
            1.0,
            0.0,
            0.013755291867694804,
            0.14431987392267906,
            0.0,
            1.0
        ],
        [
            0.8196307630302239,
            -0.5728921471747479,
            0.0,
            0.0,
            0.5728921471747479,
            0.8196307630302239,
            0.0,
            0.0,
            0.0,
            0.0,
            1.0,
            0.0,
            0.014296259540200914,
            0.14476879648806307,
            0.0,
            1.0
        ],
        [
            0.8169784572585557,
            -0.5766681891481706,
            0.0,
            0.0,
            0.5766681891481706,
            0.8169784572585557,
            0.0,
            0.0,
            0.0,
            0.0,
            1.0,
            0.0,
            0.01464870412323798,
            0.14494981100814822,
            0.0,
            1.0
        ],
        [
            0.81703335037055,
            -0.5765904130162711,
            0.0,
            0.0,
            0.5765904130162711,
            0.81703335037055,
            0.0,
            0.0,
            0.0,
            0.0,
            1.0,
            0.0,
            0.014822826536751299,
            0.14488615591762605,
            0.0,
            1.0
        ],
        [
            0.8212183425784831,
            -0.5706140848354946,
            0.0,
            0.0,
            0.5706140848354946,
            0.8212183425784831,
            0.0,
            0.0,
            0.0,
            0.0,
            1.0,
            0.0,
            0.014731576682155287,
            0.14439363333044794,
            0.0,
            1.0
        ],
        [
            0.8322450227300026,
            -0.5544079924939193,
            0.0,
            0.0,
            0.5544079924939193,
            0.8322450227300026,
            0.0,
            0.0,
            0.0,
            0.0,
            1.0,
            0.0,
            0.01414962611335817,
            0.14316043191684136,
            0.0,
            1.0
        ],
        [
            0.8474171614037055,
            -0.530927635896349,
            0.0,
            0.0,
            0.530927635896349,
            0.8474171614037055,
            0.0,
            0.0,
            0.0,
            0.0,
            1.0,
            0.0,
            0.013276657566861246,
            0.14145552513998946,
            0.0,
            1.0
        ],
        [
            0.8641139627243571,
            -0.5032961945264521,
            0.0,
            0.0,
            0.5032961945264521,
            0.8641139627243571,
            0.0,
            0.0,
            0.0,
            0.0,
            1.0,
            0.0,
            0.013087801244998698,
            0.13969043319022084,
            0.0,
            1.0
        ],
        [
            0.8806824851676659,
            -0.4737070406051655,
            0.0,
            0.0,
            0.4737070406051655,
            0.8806824851676659,
            0.0,
            0.0,
            0.0,
            0.0,
            1.0,
            0.0,
            0.013674918059716663,
            0.1379677588239429,
            0.0,
            1.0
        ],
        [
            0.8967254008095853,
            -0.4425873422759496,
            0.0,
            0.0,
            0.4425873422759496,
            0.8967254008095853,
            0.0,
            0.0,
            0.0,
            0.0,
            1.0,
            0.0,
            0.014774050229903662,
            0.13610150449511565,
            0.0,
            1.0
        ],
        [
            0.9120925141465753,
            -0.409984445604683,
            0.0,
            0.0,
            0.409984445604683,
            0.9120925141465753,
            0.0,
            0.0,
            0.0,
            0.0,
            1.0,
            0.0,
            0.016427507590811755,
            0.13405081229138482,
            0.0,
            1.0
        ],
        [
            0.9266607117396727,
            -0.3758988232465263,
            0.0,
            0.0,
            0.3758988232465263,
            0.9266607117396727,
            0.0,
            0.0,
            0.0,
            0.0,
            1.0,
            0.0,
            0.018725120826619264,
            0.1317221160129219,
            0.0,
            1.0
        ],
        [
            0.9403000569828324,
            -0.3403465922234014,
            0.0,
            0.0,
            0.3403465922234014,
            0.9403000569828324,
            0.0,
            0.0,
            0.0,
            0.0,
            1.0,
            0.0,
            0.02177249729344055,
            0.12894527134941217,
            0.0,
            1.0
        ],
        [
            0.9528745790820909,
            -0.3033645274898303,
            0.0,
            0.0,
            0.3033645274898303,
            0.9528745790820909,
            0.0,
            0.0,
            0.0,
            0.0,
            1.0,
            0.0,
            0.025661157183904555,
            0.1254316567288514,
            0.0,
            1.0
        ],
        [
            0.9631592680829714,
            -0.26893163500390727,
            0.0,
            0.0,
            0.26893163500390727,
            0.9631592680829714,
            0.0,
            0.0,
            0.0,
            0.0,
            1.0,
            0.0,
            0.0296192342719358,
            0.1225572521491797,
            0.0,
            1.0
        ],
        [
            0.9663067840018579,
            -0.2573930830305796,
            0.0,
            0.0,
            0.2573930830305796,
            0.9663067840018579,
            0.0,
            0.0,
            0.0,
            0.0,
            1.0,
            0.0,
            0.02996982077380657,
            0.12237395576580606,
            0.0,
            1.0
        ],
        [
            0.9642953246943069,
            -0.2648292407811141,
            0.0,
            0.0,
            0.2648292407811141,
            0.9642953246943069,
            0.0,
            0.0,
            0.0,
            0.0,
            1.0,
            0.0,
            0.030092392913161226,
            0.12219437365462303,
            0.0,
            1.0
        ],
        [
            0.9579938205133809,
            -0.2867888419345778,
            0.0,
            0.0,
            0.2867888419345778,
            0.9579938205133809,
            0.0,
            0.0,
            0.0,
            0.0,
            1.0,
            0.0,
            0.03026293322374182,
            0.1221652164202601,
            0.0,
            1.0
        ],
        [
            0.948186901650686,
            -0.3177130773796893,
            0.0,
            0.0,
            0.3177130773796893,
            0.948186901650686,
            0.0,
            0.0,
            0.0,
            0.0,
            1.0,
            0.0,
            0.030358814332155377,
            0.12323681789314206,
            0.0,
            1.0
        ],
        [
            0.9373302607348103,
            -0.3484422223422594,
            0.0,
            0.0,
            0.3484422223422594,
            0.9373302607348103,
            0.0,
            0.0,
            0.0,
            0.0,
            1.0,
            0.0,
            0.03110812224480647,
            0.12385397119999215,
            0.0,
            1.0
        ],
        [
            0.9250621359829367,
            -0.3798158034767468,
            0.0,
            0.0,
            0.3798158034767468,
            0.9250621359829367,
            0.0,
            0.0,
            0.0,
            0.0,
            1.0,
            0.0,
            0.03263043273361736,
            0.12379638436860324,
            0.0,
            1.0
        ],
        [
            0.9095501093183357,
            -0.41559427166288465,
            0.0,
            0.0,
            0.41559427166288465,
            0.9095501093183357,
            0.0,
            0.0,
            0.0,
            0.0,
            1.0,
            0.0,
            0.034090100202672384,
            0.12392815191591855,
            0.0,
            1.0
        ],
        [
            0.8894519548226721,
            -0.45702868625735865,
            0.0,
            0.0,
            0.45702868625735865,
            0.8894519548226721,
            0.0,
            0.0,
            0.0,
            0.0,
            1.0,
            0.0,
            0.03534966999148419,
            0.12573584245300656,
            0.0,
            1.0
        ],
        [
            0.8684119813621031,
            -0.49584335291173,
            0.0,
            0.0,
            0.49584335291173,
            0.8684119813621031,
            0.0,
            0.0,
            0.0,
            0.0,
            1.0,
            0.0,
            0.03697766863014639,
            0.12833498648440617,
            0.0,
            1.0
        ],
        [
            0.8487089977030223,
            -0.5288601301080761,
            0.0,
            0.0,
            0.5288601301080761,
            0.8487089977030223,
            0.0,
            0.0,
            0.0,
            0.0,
            1.0,
            0.0,
            0.038520547365532086,
            0.13055861560727622,
            0.0,
            1.0
        ],
        [
            0.8308529308122673,
            -0.5564920550741634,
            0.0,
            0.0,
            0.5564920550741634,
            0.8308529308122673,
            0.0,
            0.0,
            0.0,
            0.0,
            1.0,
            0.0,
            0.03995712336221982,
            0.13245475897773704,
            0.0,
            1.0
        ],
        [
            0.8150016778247898,
            -0.5794585965733682,
            0.0,
            0.0,
            0.5794585965733682,
            0.8150016778247898,
            0.0,
            0.0,
            0.0,
            0.0,
            1.0,
            0.0,
            0.04124381744201329,
            0.13398825445041684,
            0.0,
            1.0
        ],
        [
            0.8012801752054333,
            -0.5982892952600357,
            0.0,
            0.0,
            0.5982892952600357,
            0.8012801752054333,
            0.0,
            0.0,
            0.0,
            0.0,
            1.0,
            0.0,
            0.04236687983820076,
            0.1352063716862637,
            0.0,
            1.0
        ],
        [
            0.7897789434957255,
            -0.6133915718452411,
            0.0,
            0.0,
            0.6133915718452411,
            0.7897789434957255,
            0.0,
            0.0,
            0.0,
            0.0,
            1.0,
            0.0,
            0.04334532199459391,
            0.1361969933415087,
            0.0,
            1.0
        ],
        [
            0.780522322735767,
            -0.6251279098801805,
            0.0,
            0.0,
            0.6251279098801805,
            0.780522322735767,
            0.0,
            0.0,
            0.0,
            0.0,
            1.0,
            0.0,
            0.044174254612262265,
            0.13696238864109603,
            0.0,
            1.0
        ],
        [
            0.7737317568267066,
            -0.6335133530383225,
            0.0,
            0.0,
            0.6335133530383225,
            0.7737317568267066,
            0.0,
            0.0,
            0.0,
            0.0,
            1.0,
            0.0,
            0.04482786346108393,
            0.13746632352404264,
            0.0,
            1.0
        ],
        [
            0.7729691007042199,
            -0.634443669175215,
            0.0,
            0.0,
            0.634443669175215,
            0.7729691007042199,
            0.0,
            0.0,
            0.0,
            0.0,
            1.0,
            0.0,
            0.04508420329898087,
            0.13743182140696414,
            0.0,
            1.0
        ],
        [
            0.7786255752602274,
            -0.627488815478555,
            0.0,
            0.0,
            0.627488815478555,
            0.7786255752602274,
            0.0,
            0.0,
            0.0,
            0.0,
            1.0,
            0.0,
            0.04487150948805513,
            0.13687533064991228,
            0.0,
            1.0
        ],
        [
            0.7876672647195878,
            -0.6161008684372736,
            0.0,
            0.0,
            0.6161008684372736,
            0.7876672647195878,
            0.0,
            0.0,
            0.0,
            0.0,
            1.0,
            0.0,
            0.044411789502850116,
            0.13601166928770242,
            0.0,
            1.0
        ],
        [
            0.7993750724189514,
            -0.6008323340127395,
            0.0,
            0.0,
            0.6008323340127395,
            0.7993750724189514,
            0.0,
            0.0,
            0.0,
            0.0,
            1.0,
            0.0,
            0.04375752029788096,
            0.1348635569744474,
            0.0,
            1.0
        ],
        [
            0.8135463019787674,
            -0.5815001414760551,
            0.0,
            0.0,
            0.5815001414760551,
            0.8135463019787674,
            0.0,
            0.0,
            0.0,
            0.0,
            1.0,
            0.0,
            0.042931861227226184,
            0.13343830779212945,
            0.0,
            1.0
        ],
        [
            0.8299886572677421,
            -0.5577802692879076,
            0.0,
            0.0,
            0.5577802692879076,
            0.8299886572677421,
            0.0,
            0.0,
            0.0,
            0.0,
            1.0,
            0.0,
            0.041953273104758035,
            0.1317159124094756,
            0.0,
            1.0
        ],
        [
            0.8477441118799506,
            -0.530405430565029,
            0.0,
            0.0,
            0.530405430565029,
            0.8477441118799506,
            0.0,
            0.0,
            0.0,
            0.0,
            1.0,
            0.0,
            0.041290545683026446,
            0.12993040181705506,
            0.0,
            1.0
        ],
        [
            0.8651634024997337,
            -0.5014900666763837,
            0.0,
            0.0,
            0.5014900666763837,
            0.8651634024997337,
            0.0,
            0.0,
            0.0,
            0.0,
            1.0,
            0.0,
            0.04139603565917991,
            0.12827623092010182,
            0.0,
            1.0
        ],
        [
            0.8820914234878368,
            -0.4710782531694727,
            0.0,
            0.0,
            0.4710782531694727,
            0.8820914234878368,
            0.0,
            0.0,
            0.0,
            0.0,
            1.0,
            0.0,
            0.04223140286947745,
            0.12640179732054813,
            0.0,
            1.0
        ],
        [
            0.8984094877924137,
            -0.43915873240159164,
            0.0,
            0.0,
            0.43915873240159164,
            0.8984094877924137,
            0.0,
            0.0,
            0.0,
            0.0,
            1.0,
            0.0,
            0.043823720565955335,
            0.12422899629158939,
            0.0,
            1.0
        ],
        [
            0.9139923609720493,
            -0.40573139400931135,
            0.0,
            0.0,
            0.40573139400931135,
            0.9139923609720493,
            0.0,
            0.0,
            0.0,
            0.0,
            1.0,
            0.0,
            0.04623797561153059,
            0.12162094404354398,
            0.0,
            1.0
        ],
        [
            0.9287076775881811,
            -0.37081268800941425,
            0.0,
            0.0,
            0.37081268800941425,
            0.9287076775881811,
            0.0,
            0.0,
            0.0,
            0.0,
            1.0,
            0.0,
            0.049547837859435125,
            0.11833918387415707,
            0.0,
            1.0
        ],
        [
            0.9424092434183642,
            -0.3344619827717738,
            0.0,
            0.0,
            0.3344619827717738,
            0.9424092434183642,
            0.0,
            0.0,
            0.0,
            0.0,
            1.0,
            0.0,
            0.05375926563679742,
            0.113975234714392,
            0.0,
            1.0
        ],
        [
            0.9518841237298553,
            -0.3064581782087817,
            0.0,
            0.0,
            0.3064581782087817,
            0.9518841237298553,
            0.0,
            0.0,
            0.0,
            0.0,
            1.0,
            0.0,
            0.056969733851914395,
            0.11108264347667222,
            0.0,
            1.0
        ],
        [
            0.9527939761828953,
            -0.3036175866935055,
            0.0,
            0.0,
            0.3036175866935055,
            0.9527939761828953,
            0.0,
            0.0,
            0.0,
            0.0,
            1.0,
            0.0,
            0.057173576700236574,
            0.1108694156908566,
            0.0,
            1.0
        ],
        [
            0.9490316927379451,
            -0.315180656416206,
            0.0,
            0.0,
            0.315180656416206,
            0.9490316927379451,
            0.0,
            0.0,
            0.0,
            0.0,
            1.0,
            0.0,
            0.057309811102773146,
            0.11079213323407347,
            0.0,
            1.0
        ],
        [
            0.942730808772506,
            -0.33355452656370405,
            0.0,
            0.0,
            0.33355452656370405,
            0.942730808772506,
            0.0,
            0.0,
            0.0,
            0.0,
            1.0,
            0.0,
            0.05750968701124104,
            0.11150882575605708,
            0.0,
            1.0
        ],
        [
            0.9348580552366159,
            -0.3550217127996716,
            0.0,
            0.0,
            0.3550217127996716,
            0.9348580552366159,
            0.0,
            0.0,
            0.0,
            0.0,
            1.0,
            0.0,
            0.057970839840321385,
            0.11196791105409237,
            0.0,
            1.0
        ],
        [
            0.9247839812190223,
            -0.38049255982304697,
            0.0,
            0.0,
            0.38049255982304697,
            0.9247839812190223,
            0.0,
            0.0,
            0.0,
            0.0,
            1.0,
            0.0,
            0.05850679652708943,
            0.11241362936753017,
            0.0,
            1.0
        ],
        [
            0.9118771011579548,
            -0.41046333865981866,
            0.0,
            0.0,
            0.41046333865981866,
            0.9118771011579548,
            0.0,
            0.0,
            0.0,
            0.0,
            1.0,
            0.0,
            0.05911926064996526,
            0.11317851600838796,
            0.0,
            1.0
        ],
        [
            0.8956969429599407,
            -0.44466502715214373,
            0.0,
            0.0,
            0.44466502715214373,
            0.8956969429599407,
            0.0,
            0.0,
            0.0,
            0.0,
            1.0,
            0.0,
            0.05985998669769938,
            0.11434525780091713,
            0.0,
            1.0
        ],
        [
            0.8785239954177168,
            -0.47769822008805046,
            0.0,
            0.0,
            0.47769822008805046,
            0.8785239954177168,
            0.0,
            0.0,
            0.0,
            0.0,
            1.0,
            0.0,
            0.061188642356244,
            0.1165170336868713,
            0.0,
            1.0
        ],
        [
            0.862935634318939,
            -0.5053138539784658,
            0.0,
            0.0,
            0.5053138539784658,
            0.862935634318939,
            0.0,
            0.0,
            0.0,
            0.0,
            1.0,
            0.0,
            0.06244943264106273,
            0.11837912268653948,
            0.0,
            1.0
        ],
        [
            0.8496276693699537,
            -0.5273829950244704,
            0.0,
            0.0,
            0.5273829950244704,
            0.8496276693699537,
            0.0,
            0.0,
            0.0,
            0.0,
