{
    "2369555191624": [
        [
            0.9393727128473789,
            -0.34289780745545134,
            0.0,
            0.0,
            0.34289780745545134,
            0.9393727128473789,
            0.0,
            0.0,
            0.0,
            0.0,
            1.0,
            0.0,
            -0.046147353700281446,
            0.1577315944770336,
            0.0,
            1.0
        ],
        [
            0.9395341898873124,
            -0.3424551153549784,
            0.0,
            0.0,
            0.3424551153549784,
            0.9395341898873124,
            0.0,
            0.0,
            0.0,
            0.0,
            1.0,
            0.0,
            -0.04546039939893625,
            0.15705025651071766,
            0.0,
            1.0
        ],
        [
            0.9400372337750694,
            -0.34107183864475754,
            0.0,
            0.0,
            0.34107183864475754,
            0.9400372337750694,
            0.0,
            0.0,
            0.0,
            0.0,
            1.0,
            0.0,
            -0.04369953538780798,
            0.1560336090349137,
            0.0,
            1.0
        ],
        [
            0.9408809271668366,
            -0.3387374807925364,
            0.0,
            0.0,
            0.3387374807925364,
            0.9408809271668366,
            0.0,
            0.0,
            0.0,
            0.0,
            1.0,
            0.0,
            -0.041845022865663335,
            0.15517113998262572,
            0.0,
            1.0
        ],
        [
            0.942056172524018,
            -0.33545516512553175,
            0.0,
            0.0,
            0.33545516512553175,
            0.942056172524018,
            0.0,
            0.0,
            0.0,
            0.0,
            1.0,
            0.0,
            -0.03985308860562832,
            0.1543411927546602,
            0.0,
            1.0
        ],
        [
            0.9435499724385347,
            -0.33123020621803256,
            0.0,
            0.0,
            0.33123020621803256,
            0.9435499724385347,
            0.0,
            0.0,
            0.0,
            0.0,
            1.0,
            0.0,
            -0.03766346431930856,
            0.15335960564267073,
            0.0,
            1.0
        ],
        [
            0.9453473072530566,
            -0.3260651294900991,
            0.0,
            0.0,
            0.3260651294900991,
            0.9453473072530566,
            0.0,
            0.0,
            0.0,
            0.0,
            1.0,
            0.0,
            -0.03521248815632531,
            0.15206737014261318,
            0.0,
            1.0
        ],
        [
            0.9474360112706767,
            -0.31994531493289635,
            0.0,
            0.0,
            0.31994531493289635,
            0.9474360112706767,
            0.0,
            0.0,
            0.0,
            0.0,
            1.0,
            0.0,
            -0.03249358483197379,
            0.15059699332844997,
            0.0,
            1.0
        ],
        [
            0.9498041675877714,
            -0.3128450786458061,
            0.0,
            0.0,
            0.3128450786458061,
            0.9498041675877714,
            0.0,
            0.0,
            0.0,
            0.0,
            1.0,
            0.0,
            -0.029120884589099817,
            0.14913290814588742,
            0.0,
            1.0
        ],
        [
            0.9524170645452024,
            -0.3047978595120049,
            0.0,
            0.0,
            0.3047978595120049,
            0.9524170645452024,
            0.0,
            0.0,
            0.0,
            0.0,
            1.0,
            0.0,
            -0.024974201217603284,
            0.14699728436236148,
            0.0,
            1.0
        ],
        [
            0.9548088075664509,
            -0.2972206940869563,
            0.0,
            0.0,
            0.2972206940869563,
            0.9548088075664509,
            0.0,
            0.0,
            0.0,
            0.0,
            1.0,
            0.0,
            -0.020379721708331112,
            0.1437177338645823,
            0.0,
            1.0
        ],
        [
            0.9503298185480096,
            -0.31124465614449864,
            0.0,
            0.0,
            0.31124465614449864,
            0.9503298185480096,
            0.0,
            0.0,
            0.0,
            0.0,
            1.0,
            0.0,
            -0.019418916363381514,
            0.14308668629480897,
            0.0,
            1.0
        ],
        [
            0.9400246096115469,
            -0.34110663043197925,
            0.0,
            0.0,
            0.34110663043197925,
            0.9400246096115469,
            0.0,
            0.0,
            0.0,
            0.0,
            1.0,
            0.0,
            -0.01918164126321907,
            0.14408245905345268,
            0.0,
            1.0
        ],
        [
            0.9272280643597515,
            -0.37449715174306547,
            0.0,
            0.0,
            0.37449715174306547,
            0.9272280643597515,
            0.0,
            0.0,
            0.0,
            0.0,
            1.0,
            0.0,
            -0.018817035838515406,
            0.1451881661662242,
            0.0,
            1.0
        ],
        [
            0.9115847744251321,
            -0.4111121489767495,
            0.0,
            0.0,
            0.4111121489767495,
            0.9115847744251321,
            0.0,
            0.0,
            0.0,
            0.0,
            1.0,
            0.0,
            -0.01826188269066796,
            0.1460859805777468,
            0.0,
            1.0
        ],
        [
            0.8925919611473289,
            -0.4508653800139964,
            0.0,
            0.0,
            0.4508653800139964,
            0.8925919611473289,
            0.0,
            0.0,
            0.0,
            0.0,
            1.0,
            0.0,
            -0.017345830461537037,
            0.14743002920547235,
            0.0,
            1.0
        ],
        [
            0.8724354785351344,
            -0.4887293072787543,
            0.0,
            0.0,
            0.4887293072787543,
            0.8724354785351344,
            0.0,
            0.0,
            0.0,
            0.0,
            1.0,
            0.0,
            -0.01572836437199801,
            0.1500841674273169,
            0.0,
            1.0
        ],
        [
            0.8533313451954747,
            -0.5213689819186422,
            0.0,
            0.0,
            0.5213689819186422,
            0.8533313451954747,
            0.0,
            0.0,
            0.0,
            0.0,
            1.0,
            0.0,
            -0.014224670266226236,
            0.15223382041649627,
            0.0,
            1.0
        ],
        [
            0.8360776185063712,
            -0.5486111699853684,
            0.0,
            0.0,
            0.5486111699853684,
            0.8360776185063712,
            0.0,
            0.0,
            0.0,
            0.0,
            1.0,
            0.0,
            -0.012865734411310994,
            0.15401507029312608,
            0.0,
            1.0
        ],
        [
            0.820948528882722,
            -0.5710022004557378,
            0.0,
            0.0,
            0.5710022004557378,
            0.820948528882722,
            0.0,
            0.0,
            0.0,
            0.0,
            1.0,
            0.0,
            -0.011612938063703735,
            0.155562192608265,
            0.0,
            1.0
        ],
        [
            0.8080335993990286,
            -0.5891364037659276,
            0.0,
            0.0,
            0.5891364037659276,
            0.8080335993990286,
            0.0,
            0.0,
            0.0,
            0.0,
            1.0,
            0.0,
            -0.010519190065651659,
            0.15677749289173126,
            0.0,
            1.0
        ],
        [
            0.7973915791564453,
            -0.603462235347325,
            0.0,
            0.0,
            0.603462235347325,
            0.7973915791564453,
            0.0,
            0.0,
            0.0,
            0.0,
            1.0,
            0.0,
            -0.00961535089679656,
            0.15766075604012092,
            0.0,
            1.0
        ],
        [
            0.7891003679947355,
            -0.6142642828869127,
            0.0,
            0.0,
            0.6142642828869127,
            0.7891003679947355,
            0.0,
            0.0,
            0.0,
            0.0,
            1.0,
            0.0,
            -0.00886724366981078,
            0.15833874585420094,
            0.0,
            1.0
        ],
        [
            0.7831856230542874,
            -0.6217879701643219,
            0.0,
            0.0,
            0.6217879701643219,
            0.7831856230542874,
            0.0,
            0.0,
            0.0,
            0.0,
            1.0,
            0.0,
            -0.008265838606766029,
            0.15882600190363438,
            0.0,
            1.0
        ],
        [
            0.7807255797554067,
            -0.624874042600254,
            0.0,
            0.0,
            0.624874042600254,
            0.7807255797554067,
            0.0,
            0.0,
            0.0,
            0.0,
            1.0,
            0.0,
            -0.007896845828484446,
            0.15895919446878987,
            0.0,
            1.0
        ],
        [
            0.785446912924206,
            -0.6189290322628554,
            0.0,
            0.0,
            0.6189290322628554,
            0.785446912924206,
            0.0,
            0.0,
            0.0,
            0.0,
            1.0,
            0.0,
            -0.00803904381365498,
            0.15843025542734954,
            0.0,
            1.0
        ],
        [
            0.7950195677387066,
            -0.6065837839182318,
            0.0,
            0.0,
            0.6065837839182318,
            0.7950195677387066,
            0.0,
            0.0,
            0.0,
            0.0,
            1.0,
            0.0,
            -0.008533742727680394,
            0.15750061155220696,
            0.0,
            1.0
        ],
        [
            0.8075261553378638,
            -0.5898317628317826,
            0.0,
            0.0,
            0.5898317628317826,
            0.8075261553378638,
            0.0,
            0.0,
            0.0,
            0.0,
            1.0,
            0.0,
            -0.009232541927030042,
            0.15627180053051187,
            0.0,
            1.0
        ],
        [
            0.8225142538206718,
            -0.5687444964672832,
            0.0,
            0.0,
            0.5687444964672832,
            0.8225142538206718,
            0.0,
            0.0,
            0.0,
            0.0,
            1.0,
            0.0,
            -0.010115797278550739,
            0.15471386411116256,
            0.0,
            1.0
        ],
        [
            0.8396615474157246,
            -0.5431100126046571,
            0.0,
            0.0,
            0.5431100126046571,
            0.8396615474157246,
            0.0,
            0.0,
            0.0,
            0.0,
            1.0,
            0.0,
            -0.011065214866389882,
            0.15290135496440044,
            0.0,
            1.0
        ],
        [
            0.8571811441980756,
            -0.5150150347623631,
            0.0,
            0.0,
            0.5150150347623631,
            0.8571811441980756,
            0.0,
            0.0,
            0.0,
            0.0,
            1.0,
            0.0,
            -0.011266051060269284,
            0.1512030199481116,
            0.0,
            1.0
        ],
        [
            0.8742676116109603,
            -0.4854442741325383,
            0.0,
            0.0,
            0.4854442741325383,
            0.8742676116109603,
            0.0,
            0.0,
            0.0,
            0.0,
            1.0,
            0.0,
            -0.010754137154511591,
            0.14944281287296896,
            0.0,
            1.0
        ],
        [
            0.890809921214572,
            -0.4543761484339687,
            0.0,
            0.0,
            0.4543761484339687,
            0.890809921214572,
            0.0,
            0.0,
            0.0,
            0.0,
            1.0,
            0.0,
            -0.009546004047966912,
            0.1474399305349572,
            0.0,
            1.0
        ],
        [
            0.9066877049104121,
            -0.4218025672803446,
            0.0,
            0.0,
            0.4218025672803446,
            0.9066877049104121,
            0.0,
            0.0,
            0.0,
            0.0,
            1.0,
            0.0,
            -0.0075765337367639796,
            0.14512493709170782,
            0.0,
            1.0
        ],
        [
            0.9217727957367071,
            -0.38773046442049763,
            0.0,
            0.0,
            0.38773046442049763,
            0.9217727957367071,
            0.0,
            0.0,
            0.0,
            0.0,
            1.0,
            0.0,
            -0.004770682569630119,
            0.14231101659712433,
            0.0,
            1.0
        ],
        [
            0.9359296964281201,
            -0.35218688695629613,
            0.0,
            0.0,
            0.35218688695629613,
            0.9359296964281201,
            0.0,
            0.0,
            0.0,
            0.0,
            1.0,
            0.0,
            -0.0010699401341963486,
            0.13868618786431042,
            0.0,
            1.0
        ],
        [
            0.9488579422678155,
            -0.31570335030735236,
            0.0,
            0.0,
            0.31570335030735236,
            0.9488579422678155,
            0.0,
            0.0,
            0.0,
            0.0,
            1.0,
            0.0,
            0.0033859602644317442,
            0.13386892939408918,
            0.0,
            1.0
        ],
        [
            0.9543651050333207,
            -0.29864233841627114,
            0.0,
            0.0,
            0.29864233841627114,
            0.9543651050333207,
            0.0,
            0.0,
            0.0,
            0.0,
            1.0,
            0.0,
            0.004808016462108094,
            0.13279602399962342,
            0.0,
            1.0
        ],
        [
            0.95316670282661,
            -0.3024454275115578,
            0.0,
            0.0,
            0.3024454275115578,
            0.95316670282661,
            0.0,
            0.0,
            0.0,
            0.0,
            1.0,
            0.0,
            0.005044045101634638,
            0.1328313508776473,
            0.0,
            1.0
        ],
        [
            0.947866223864922,
            -0.3186685137506583,
            0.0,
            0.0,
            0.3186685137506583,
            0.947866223864922,
            0.0,
            0.0,
            0.0,
            0.0,
            1.0,
            0.0,
            0.005277836291363596,
            0.13316807530638242,
            0.0,
            1.0
        ],
        [
            0.9407302393592477,
            -0.33915574115012787,
            0.0,
            0.0,
            0.33915574115012787,
            0.9407302393592477,
            0.0,
            0.0,
            0.0,
            0.0,
            1.0,
            0.0,
            0.005480317090365517,
            0.13362052630517082,
            0.0,
            1.0
        ],
        [
            0.9319014443374769,
            -0.36271159071874776,
            0.0,
            0.0,
            0.36271159071874776,
            0.9319014443374769,
            0.0,
            0.0,
            0.0,
            0.0,
            1.0,
            0.0,
            0.006071284829066674,
            0.1341093810390644,
            0.0,
            1.0
        ],
        [
            0.9206240495451206,
            -0.39045020092086447,
            0.0,
            0.0,
            0.39045020092086447,
            0.9206240495451206,
            0.0,
            0.0,
            0.0,
            0.0,
            1.0,
            0.0,
            0.0067766451537206,
            0.13474719277628083,
            0.0,
            1.0
        ],
        [
            0.9062082665333524,
            -0.42283161857483703,
            0.0,
            0.0,
            0.42283161857483703,
            0.9062082665333524,
            0.0,
            0.0,
            0.0,
            0.0,
            1.0,
            0.0,
            0.007414459336808524,
            0.135492200889277,
            0.0,
            1.0
        ],
        [
            0.8887856700170248,
            -0.4583230659397236,
            0.0,
            0.0,
            0.4583230659397236,
            0.8887856700170248,
            0.0,
            0.0,
            0.0,
            0.0,
            1.0,
            0.0,
            0.008404800492102696,
            0.13716654598720482,
            0.0,
            1.0
        ],
        [
            0.8716341829716896,
            -0.4901569657520693,
            0.0,
            0.0,
            0.4901569657520693,
            0.8716341829716896,
            0.0,
            0.0,
            0.0,
            0.0,
            1.0,
            0.0,
            0.009794774166119867,
            0.13936869209188052,
            0.0,
            1.0
        ],
        [
            0.8563708497249435,
            -0.5163612763767035,
            0.0,
            0.0,
            0.5163612763767035,
            0.8563708497249435,
            0.0,
            0.0,
            0.0,
            0.0,
            1.0,
            0.0,
            0.01103855334505396,
            0.14111959032224436,
            0.0,
            1.0
        ],
        [
            0.8433962788378004,
            -0.5372920219420265,
            0.0,
            0.0,
            0.5372920219420265,
            0.8433962788378004,
            0.0,
            0.0,
            0.0,
            0.0,
            1.0,
            0.0,
            0.012105859505128332,
            0.14247829413301927,
            0.0,
            1.0
        ],
        [
            0.8328896653902235,
            -0.553439070979057,
            0.0,
            0.0,
            0.553439070979057,
            0.8328896653902235,
            0.0,
            0.0,
            0.0,
            0.0,
            1.0,
            0.0,
            0.013017223348802101,
            0.14355011027197556,
            0.0,
            1.0
        ],
        [
            0.8249511058885813,
            -0.5652040984398526,
            0.0,
            0.0,
            0.5652040984398526,
            0.8249511058885813,
            0.0,
            0.0,
            0.0,
            0.0,
            1.0,
            0.0,
            0.013755435871483382,
            0.14431980909271255,
            0.0,
            1.0
        ],
        [
            0.8196307695517397,
            -0.5728921378444838,
            0.0,
            0.0,
            0.5728921378444838,
            0.8196307695517397,
            0.0,
            0.0,
            0.0,
            0.0,
            1.0,
            0.0,
            0.014296405296705927,
            0.14476873412674804,
            0.0,
            1.0
        ],
        [
            0.8169784406209966,
            -0.5766682127189644,
            0.0,
            0.0,
            0.5766682127189644,
            0.8169784406209966,
            0.0,
            0.0,
            0.0,
            0.0,
            1.0,
            0.0,
            0.014648851700353665,
            0.14494975144425828,
            0.0,
            1.0
        ],
        [
            0.8170333089708743,
            -0.576590471679947,
            0.0,
            0.0,
            0.576590471679947,
            0.8170333089708743,
            0.0,
            0.0,
            0.0,
            0.0,
            1.0,
            0.0,
            0.014822975542173825,
            0.14488609814867992,
            0.0,
            1.0
        ],
        [
            0.8212182531444907,
            -0.5706142135473942,
            0.0,
            0.0,
            0.5706142135473942,
            0.8212182531444907,
            0.0,
            0.0,
            0.0,
            0.0,
            1.0,
            0.0,
            0.014731728455639633,
            0.1443935798894032,
            0.0,
            1.0
        ],
        [
            0.8322448893471207,
            -0.5544081927204889,
            0.0,
            0.0,
            0.5544081927204889,
            0.8322448893471207,
            0.0,
            0.0,
            0.0,
            0.0,
            1.0,
            0.0,
            0.014149781450020207,
            0.1431603846119684,
            0.0,
            1.0
        ],
        [
            0.8474170044218257,
            -0.5309278864560982,
            0.0,
            0.0,
            0.5309278864560982,
            0.8474170044218257,
            0.0,
            0.0,
            0.0,
            0.0,
            1.0,
            0.0,
            0.013276813600439091,
            0.14145548053956838,
            0.0,
            1.0
        ],
        [
            0.8641138033501135,
            -0.5032964681574881,
            0.0,
            0.0,
            0.5032964681574881,
            0.8641138033501135,
            0.0,
            0.0,
            0.0,
            0.0,
            1.0,
            0.0,
            0.013087946402758593,
            0.13969038600399608,
            0.0,
            1.0
        ],
        [
            0.8806823288237066,
            -0.47370733126863546,
            0.0,
            0.0,
            0.47370733126863546,
            0.8806823288237066,
            0.0,
            0.0,
            0.0,
            0.0,
            1.0,
            0.0,
            0.013675058509867222,
            0.1379677140454823,
            0.0,
            1.0
        ],
        [
            0.8967252496513652,
            -0.4425876485372098,
            0.0,
            0.0,
            0.4425876485372098,
            0.8967252496513652,
            0.0,
            0.0,
            0.0,
            0.0,
            1.0,
            0.0,
            0.014774186338924038,
            0.13610146158763387,
            0.0,
            1.0
        ],
        [
            0.9120923693787407,
            -0.40998476766957415,
            0.0,
            0.0,
            0.40998476766957415,
            0.9120923693787407,
            0.0,
            0.0,
            0.0,
            0.0,
            1.0,
            0.0,
            0.016427638121612992,
            0.13405077007708366,
            0.0,
            1.0
        ],
        [
            0.9266605747350365,
            -0.3758991609883318,
            0.0,
            0.0,
            0.3758991609883318,
            0.9266605747350365,
            0.0,
            0.0,
            0.0,
            0.0,
            1.0,
            0.0,
            0.01872524551450805,
            0.1317220769959104,
            0.0,
            1.0
        ],
        [
            0.940299929162734,
            -0.3403469453609911,
            0.0,
            0.0,
            0.3403469453609911,
            0.940299929162734,
            0.0,
            0.0,
            0.0,
            0.0,
            1.0,
            0.0,
            0.0217726161050711,
            0.12894523852954926,
            0.0,
            1.0
        ],
        [
            0.9528744618100586,
            -0.30336489584358833,
            0.0,
            0.0,
            0.30336489584358833,
            0.9528744618100586,
            0.0,
            0.0,
            0.0,
            0.0,
            1.0,
            0.0,
            0.025661268310285222,
            0.12543162955217074,
            0.0,
            1.0
        ],
        [
            0.9631591982358875,
            -0.26893188515607913,
            0.0,
            0.0,
            0.26893188515607913,
            0.9631591982358875,
            0.0,
            0.0,
            0.0,
            0.0,
            1.0,
            0.0,
            0.029619368881121728,
            0.12255719016233932,
            0.0,
            1.0
        ],
        [
            0.9663067673912886,
            -0.2573931453900783,
            0.0,
            0.0,
            0.2573931453900783,
            0.9663067673912886,
            0.0,
            0.0,
            0.0,
            0.0,
            1.0,
            0.0,
            0.02996996596004052,
            0.12237390045657517,
            0.0,
            1.0
        ],
        [
            0.9642953429765435,
            -0.2648291742118878,
            0.0,
            0.0,
            0.2648291742118878,
            0.9642953429765435,
            0.0,
            0.0,
            0.0,
            0.0,
            1.0,
            0.0,
            0.03009253863113498,
            0.12219431625457294,
            0.0,
            1.0
        ],
        [
            0.9579938768830119,
            -0.28678865363653544,
            0.0,
            0.0,
            0.28678865363653544,
            0.9579938768830119,
            0.0,
            0.0,
            0.0,
            0.0,
            1.0,
            0.0,
            0.03026307545929583,
            0.12216515031231914,
            0.0,
            1.0
        ],
        [
            0.9481869738353242,
            -0.3177128619508662,
            0.0,
            0.0,
            0.3177128619508662,
            0.9481869738353242,
            0.0,
            0.0,
            0.0,
            0.0,
            1.0,
            0.0,
            0.030358958015186684,
            0.12323674855997746,
            0.0,
            1.0
        ],
        [
            0.9373303440495533,
            -0.3484419982205733,
            0.0,
            0.0,
            0.3484419982205733,
            0.9373303440495533,
            0.0,
            0.0,
            0.0,
            0.0,
            1.0,
            0.0,
            0.031108259638850215,
            0.12385390933272199,
            0.0,
            1.0
        ],
        [
            0.925062236315554,
            -0.3798155591110853,
            0.0,
            0.0,
            0.3798155591110853,
            0.925062236315554,
            0.0,
            0.0,
            0.0,
            0.0,
            1.0,
            0.0,
            0.032630564733186804,
            0.12379632392930244,
            0.0,
            1.0
        ],
        [
            0.9095502439245108,
            -0.415593977070004,
            0.0,
            0.0,
            0.415593977070004,
            0.9095502439245108,
            0.0,
            0.0,
            0.0,
            0.0,
            1.0,
            0.0,
            0.034090233006139115,
            0.12392808575263634,
            0.0,
            1.0
        ],
        [
            0.8894521169568236,
            -0.4570283707178636,
            0.0,
            0.0,
            0.4570283707178636,
            0.8894521169568236,
            0.0,
            0.0,
            0.0,
            0.0,
            1.0,
            0.0,
            0.03534979883410312,
            0.12573576159440294,
            0.0,
            1.0
        ],
        [
            0.8684121444166311,
            -0.49584306734057326,
            0.0,
            0.0,
            0.49584306734057326,
            0.8684121444166311,
            0.0,
            0.0,
            0.0,
            0.0,
            1.0,
            0.0,
            0.03697779875646204,
            0.12833490984623755,
            0.0,
            1.0
        ],
        [
            0.848709152219465,
            -0.5288598821416851,
            0.0,
            0.0,
            0.5288598821416851,
            0.848709152219465,
            0.0,
            0.0,
            0.0,
            0.0,
            1.0,
            0.0,
            0.03852067650797097,
            0.13055853785803584,
            0.0,
            1.0
        ],
        [
            0.8308530766818701,
            -0.5564918372880867,
            0.0,
            0.0,
            0.5564918372880867,
            0.8308530766818701,
            0.0,
            0.0,
            0.0,
            0.0,
            1.0,
            0.0,
            0.03995725261035866,
            0.1324546826504082,
            0.0,
            1.0
        ],
        [
            0.8150018157949334,
            -0.5794584025199405,
            0.0,
            0.0,
            0.5794584025199405,
            0.8150018157949334,
            0.0,
            0.0,
            0.0,
            0.0,
            1.0,
            0.0,
            0.04124394823376209,
            0.1339881823444573,
            0.0,
            1.0
        ],
        [
            0.8012803045593585,
            -0.5982891220181608,
            0.0,
            0.0,
            0.5982891220181608,
            0.8012803045593585,
            0.0,
            0.0,
            0.0,
            0.0,
            1.0,
            0.0,
            0.042367011616053864,
            0.13520630139839376,
            0.0,
            1.0
        ],
        [
            0.7897790633319535,
            -0.6133914175487803,
            0.0,
            0.0,
            0.6133914175487803,
            0.7897790633319535,
            0.0,
            0.0,
            0.0,
            0.0,
            1.0,
            0.0,
            0.04334545342206378,
            0.13619692201585065,
            0.0,
            1.0
        ],
        [
            0.7805224348859287,
            -0.625127769851685,
            0.0,
            0.0,
            0.625127769851685,
            0.7805224348859287,
            0.0,
            0.0,
            0.0,
            0.0,
            1.0,
            0.0,
            0.044174386863867675,
            0.13696231948800677,
            0.0,
            1.0
        ],
        [
            0.7737318529953089,
            -0.633513235584266,
            0.0,
            0.0,
            0.633513235584266,
            0.7737318529953089,
            0.0,
            0.0,
            0.0,
            0.0,
            1.0,
            0.0,
            0.044827997409014705,
            0.13746625738199794,
            0.0,
            1.0
        ],
        [
            0.7729691401310385,
            -0.6344436211398796,
            0.0,
            0.0,
            0.6344436211398796,
            0.7729691401310385,
            0.0,
            0.0,
            0.0,
            0.0,
            1.0,
            0.0,
            0.04508434032148466,
            0.13743175727814688,
            0.0,
            1.0
        ],
        [
            0.7786255891626412,
            -0.6274887982276097,
            0.0,
            0.0,
            0.6274887982276097,
            0.7786255891626412,
            0.0,
            0.0,
            0.0,
            0.0,
            1.0,
            0.0,
            0.04487164822629176,
            0.13687526876829006,
            0.0,
            1.0
        ],
        [
            0.7876672674278353,
            -0.616100864974857,
            0.0,
            0.0,
            0.616100864974857,
            0.7876672674278353,
            0.0,
            0.0,
            0.0,
            0.0,
            1.0,
            0.0,
            0.0444119303174192,
            0.1360116112433733,
            0.0,
            1.0
        ],
        [
            0.7993750649828323,
            -0.6008323439060955,
            0.0,
            0.0,
            0.6008323439060955,
            0.7993750649828323,
            0.0,
            0.0,
            0.0,
            0.0,
            1.0,
            0.0,
            0.043757661743952736,
            0.13486349884298482,
            0.0,
            1.0
        ],
        [
            0.8135462850517173,
            -0.581500165157801,
            0.0,
            0.0,
            0.581500165157801,
            0.8135462850517173,
            0.0,
            0.0,
            0.0,
            0.0,
            1.0,
            0.0,
            0.0429320025488943,
            0.13343824881898833,
            0.0,
            1.0
        ],
        [
            0.8299886328397308,
            -0.5577803056372952,
            0.0,
            0.0,
            0.5577803056372952,
            0.8299886328397308,
            0.0,
            0.0,
            0.0,
            0.0,
            1.0,
            0.0,
            0.04195341487344174,
            0.13171585471698816,
            0.0,
            1.0
        ],
        [
            0.8477440848610123,
            -0.5304054737492485,
            0.0,
            0.0,
            0.5304054737492485,
            0.8477440848610123,
            0.0,
            0.0,
            0.0,
            0.0,
            1.0,
            0.0,
            0.04129068739357632,
            0.1299303458910997,
            0.0,
            1.0
        ],
        [
            0.8651633732118705,
            -0.5014901172033778,
            0.0,
            0.0,
            0.5014901172033778,
            0.8651633732118705,
            0.0,
            0.0,
            0.0,
            0.0,
            1.0,
            0.0,
            0.041396175714493035,
            0.12827617288671245,
            0.0,
            1.0
        ],
        [
            0.8820913925492568,
            -0.4710783111017879,
            0.0,
            0.0,
            0.4710783111017879,
            0.8820913925492568,
            0.0,
            0.0,
            0.0,
            0.0,
            1.0,
            0.0,
            0.04223154201644486,
            0.12640174038049512,
            0.0,
            1.0
        ],
        [
            0.898409455785936,
            -0.4391587978788746,
            0.0,
            0.0,
            0.4391587978788746,
            0.898409455785936,
            0.0,
            0.0,
            0.0,
            0.0,
            1.0,
            0.0,
            0.04382385904734211,
            0.12422894142701403,
            0.0,
            1.0
        ],
        [
            0.9139923284337568,
            -0.4057314673084154,
            0.0,
            0.0,
            0.4057314673084154,
            0.9139923284337568,
            0.0,
            0.0,
            0.0,
            0.0,
            1.0,
            0.0,
            0.04623811244936403,
            0.1216208896905594,
            0.0,
            1.0
        ],
        [
            0.9287076451629972,
            -0.3708127692189154,
            0.0,
            0.0,
            0.3708127692189154,
            0.9287076451629972,
            0.0,
            0.0,
            0.0,
            0.0,
            1.0,
            0.0,
            0.049547972787808855,
            0.1183391308811321,
            0.0,
            1.0
        ],
        [
            0.942409211770045,
            -0.33446207194682415,
            0.0,
            0.0,
            0.33446207194682415,
            0.942409211770045,
            0.0,
            0.0,
            0.0,
            0.0,
            1.0,
            0.0,
            0.05375939941385123,
            0.11397518572586691,
            0.0,
            1.0
        ],
        [
            0.9518841104259793,
            -0.3064582195317039,
            0.0,
            0.0,
            0.3064582195317039,
            0.9518841104259793,
            0.0,
            0.0,
            0.0,
            0.0,
            1.0,
            0.0,
            0.05696987705074143,
            0.11108258223697416,
            0.0,
            1.0
        ],
        [
            0.952793972678132,
            -0.3036175976919372,
            0.0,
            0.0,
            0.3036175976919372,
            0.952793972678132,
            0.0,
            0.0,
            0.0,
            0.0,
            1.0,
            0.0,
            0.0571737207538049,
            0.11086935651360572,
            0.0,
            1.0
        ],
        [
            0.9490316966677752,
            -0.31518064458320383,
            0.0,
            0.0,
            0.31518064458320383,
            0.9490316966677752,
            0.0,
            0.0,
            0.0,
            0.0,
            1.0,
            0.0,
            0.05730995465058408,
            0.11079207120819053,
            0.0,
            1.0
        ],
        [
            0.9427308167068184,
            -0.3335545041388218,
            0.0,
            0.0,
            0.3335545041388218,
            0.9427308167068184,
            0.0,
            0.0,
            0.0,
            0.0,
            1.0,
            0.0,
            0.057509829822329446,
            0.11150876344877747,
            0.0,
            1.0
        ],
        [
            0.9348580677429181,
            -0.35502167986755057,
            0.0,
            0.0,
            0.35502167986755057,
            0.9348580677429181,
            0.0,
            0.0,
            0.0,
            0.0,
            1.0,
            0.0,
            0.05797098307609335,
            0.11196785043715905,
            0.0,
            1.0
        ],
        [
            0.9247839992828398,
            -0.3804925159190867,
            0.0,
            0.0,
            0.3804925159190867,
            0.9247839992828398,
            0.0,
            0.0,
            0.0,
            0.0,
            1.0,
            0.0,
            0.058506939248844224,
            0.11241356815792172,
            0.0,
            1.0
        ],
        [
            0.9118771259081058,
            -0.4104632836753766,
            0.0,
            0.0,
            0.4104632836753766,
            0.9118771259081058,
            0.0,
            0.0,
            0.0,
            0.0,
            1.0,
            0.0,
            0.059119402591344926,
            0.11317845370157428,
            0.0,
            1.0
        ],
        [
            0.8956969743391299,
            -0.4446649639444602,
            0.0,
            0.0,
            0.4446649639444602,
            0.8956969743391299,
            0.0,
            0.0,
            0.0,
            0.0,
            1.0,
            0.0,
            0.05986012742157417,
            0.11434519335822704,
            0.0,
            1.0
        ],
        [
            0.8785240277627034,
            -0.477698160603112,
            0.0,
            0.0,
            0.477698160603112,
            0.8785240277627034,
            0.0,
            0.0,
            0.0,
            0.0,
            1.0,
            0.0,
            0.061188782824708236,
            0.11651696963227368,
            0.0,
            1.0
        ],
        [
            0.8629356652475381,
            -0.5053138011610102,
            0.0,
            0.0,
            0.5053138011610102,
            0.8629356652475381,
            0.0,
            0.0,
            0.0,
            0.0,
            1.0,
            0.0,
            0.06244957304367538,
            0.1183790586862459,
            0.0,
            1.0
        ],
        [
            0.8496276986544976,
            -0.5273829478463086,
            0.0,
            0.0,
            0.5273829478463086,
            0.8496276986544976,
            0.0,
            0.0,
            0.0,
            0.0,
